Time Stamp [ms],Sensor X,Sensor Y,Sensor Z,Acceleration X (m/s^2),Acceleration Y (m/s^2),Acceleration Z (m/s^2),Velocity X (m/s),Velocity Y (m/s),Velocity Z (m/s),Displacement Position X (m),Displacement Position Y (m),Displacement Position Z (m),Acceleration Magnitude (m/s^2),Velocity Magnitude (m/s),Displacement Position Magnitude (m)
0,165,330,213,-0.28,-6.33,7.19,-0.042,-0.9495,1.0785,-0.0063,-0.142425,0.161775,9.583496230499598,1.4375244345749398,0.2156286651862409
150,165,269,201,-0.15,-6.65,7.22,-0.0645,-1.947,2.1615,-0.015975,-0.434475,0.486,9.816995467045912,2.9098198397839,0.6520887410851379
300,166,265,192,-0.22,-6.45,6.88,-0.0975,-2.9145,3.1935,-0.0306,-0.8716499999999999,0.965025,9.433202001441504,4.324610820640396,1.3007625967581478
450,184,267,200,-0.07,-6.64,7.24,-0.108,-3.9105,4.2795,-0.0468,-1.458225,1.60695,9.82405720667383,5.798085416756121,2.170460479512355
600,184,268,192,-0.17,-6.58,7.03,-0.1335,-4.8975,5.3340000000000005,-0.066825,-2.19285,2.40705,9.630482853938322,7.242574438692364,3.2568307302690758
750,167,257,189,-0.17,-6.46,6.97,-0.159,-5.866499999999999,6.3795,-0.090675,-3.0728249999999995,3.363975,9.504809308976167,8.668282615374281,4.55706081118905
900,166,258,206,-0.03,-6.81,7.3,-0.1635,-6.888,7.474499999999999,-0.1152,-4.106025,4.48515,9.983336115748084,10.165600154442432,6.08188152327263
1050,166,266,192,-0.1,-6.73,7.14,-0.1785,-7.897500000000001,8.545499999999999,-0.141975,-5.29065,5.766975,9.812364648748028,11.637351019454556,7.827460314415527
1200,184,270,200,-0.69,-6.02,7.52,-0.282,-8.8005,9.6735,-0.184275,-6.610725,7.218,9.657478967101094,13.080708180370053,9.78954372283254
1350,184,262,190,-1.42,-3.34,6.75,-0.4949999999999999,-9.3015,10.685999999999998,-0.2585249999999999,-8.00595,8.8209,7.663843683165778,14.175807675402485,11.91513102689706
1500,185,269,193,0.62,0.29,10.34,-0.4019999999999999,-9.258,12.237,-0.3188249999999999,-9.39465,10.65645,10.36262997505942,15.349799249501604,14.2098917872595
1650,167,260,191,-3.18,3.59,7.64,-0.8789999999999999,-8.719500000000002,13.383,-0.4506749999999999,-10.702575,12.6639,9.020537677987935,15.997093806376206,16.586819550361366
1800,166,275,190,0.65,1.99,9.97,-0.7814999999999999,-8.421000000000001,14.8785,-0.5679,-11.965725,14.895675,10.18741871133213,17.114138760101252,19.114973682724496
1950,166,278,197,0.56,4.49,10.18,-0.6974999999999998,-7.7475,16.4055,-0.6725249999999999,-13.12785,17.3565,11.140291737652117,18.156285213390984,21.772478677176952
2100,166,279,198,-0.28,5.61,8.21,-0.7394999999999998,-6.906000000000001,17.637,-0.7834499999999999,-14.163750000000002,20.00205,9.947592673607016,18.95530177153611,24.521574422689504
2250,184,274,191,-0.85,5.2,8.69,-0.8669999999999998,-6.126,18.9405,-0.9134999999999998,-15.08265,22.843125000000004,10.162607933006171,19.92541355279734,27.388486139948025
2400,185,273,190,-1.85,5.19,8.15,-1.1445,-5.347500000000001,20.163,-1.0851749999999998,-15.884775,25.86757500000001,9.837738561275147,20.8914385694236,30.374909349031405
2550,166,263,187,-0.46,6.88,7.04,-1.2135,-4.315500000000001,21.219,-1.2671999999999997,-16.5321,29.050425000000004,9.854318850128609,21.68737152123328,33.44911536843127
2700,167,262,205,-2.18,4.01,8.76,-1.5405,-3.714,22.533,-1.4982749999999998,-17.0892,32.430375000000005,9.877757842749537,22.888928005697423,36.68807445555368
2850,166,262,190,-1.73,3.73,9.07,-1.7999999999999998,-3.1545000000000005,23.8935,-1.7682749999999998,-17.562375,36.0144,9.958448674366908,24.16795838501879,40.10736614982652
3000,185,279,191,-2.62,2.96,7.17,-2.193,-2.710500000000001,24.969,-2.097225,-17.96895,39.75975,8.187484351130083,25.211247891566178,43.68202418461883
3150,166,266,215,-1.98,3.7,8.87,-2.49,-2.1555000000000004,26.2995,-2.470725,-18.292275,43.70467500000001,9.812609235060776,26.504904838538845,47.44270674779081
3300,167,279,200,-1.7,4.07,8.91,-2.745,-1.5450000000000006,27.636,-2.882475,-18.524025,47.85007500000001,9.941981693807328,27.81493386654011,51.39141797841228
3450,184,282,208,-1.77,3.6,8.71,-3.0105,-1.0050000000000006,28.942499999999995,-3.33405,-18.674775,52.19145000000001,9.589421254695198,29.11599975099601,55.53206788699325
3600,167,266,188,-1.88,3.4,8.7,-3.2925,-0.4950000000000006,30.247499999999995,-3.827925,-18.749025,56.72857500000001,9.528084802309433,30.430196146262347,59.86910864366428
3750,166,279,189,-1.32,2.74,8.64,-3.4905,-0.0840000000000006,31.543499999999995,-4.3515,-18.761625,61.46010000000001,9.159672483227771,31.73614719054598,64.40712706603692
3900,167,281,196,-1.36,-0.22,10.91,-3.6945,-0.1170000000000006,33.17999999999999,-4.9056750000000005,-18.779175,66.43710000000002,10.99664039604824,33.3852575136092,69.21424215648288
4050,166,283,190,-1.72,0.33,8.19,-3.9525,-0.0675000000000006,34.40849999999999,-5.498550000000001,-18.7893,71.59837500000002,8.375165670003192,34.63483340150489,74.2266741086594
4200,184,283,191,-0.13,-0.35,10.69,-3.972,-0.1200000000000006,36.01199999999999,-6.09435,-18.8073,77.000175,10.696518125072288,36.23058553211636,79.49768918178141
4350,185,284,194,-2.02,-1.29,8.88,-4.275,-0.3135000000000006,37.344,-6.735600000000001,-18.854325000000003,82.60177500000002,9.19776603311913,37.58920381239805,84.99357100226024
4500,185,284,200,-1.08,-0.86,9.92,-4.436999999999999,-0.4425000000000006,38.83199999999999,-7.401149999999999,-18.920700000000004,88.42657500000001,10.015607819798058,39.08717179906981,90.7305300108135
4650,185,271,199,-1.33,0.15,9.82,-4.636499999999999,-0.4200000000000006,40.30499999999999,-8.096625,-18.9837,94.472325,9.910792097506636,40.57297816589262,96.70034329301136
4800,185,281,187,-1.23,-1.27,9.91,-4.820999999999999,-0.6105000000000006,41.79149999999999,-8.819775,-19.075275,100.74105000000002,10.066474059967572,42.07308193489038,102.90973570308472
4950,167,281,212,-0.79,0.71,9.28,-4.939499999999999,-0.5040000000000006,43.18349999999999,-9.5607,-19.150875000000003,107.218575,9.34058884653425,43.46800373263073,109.33428475453732
5100,185,270,197,-0.21,-0.05,10.09,-4.970999999999999,-0.5115000000000005,44.69699999999998,-10.30635,-19.2276,113.923125,10.092308952861083,44.97548534757572,115.9931026477356
5250,167,267,206,-0.47,-0.53,10.1,-5.041499999999998,-0.5910000000000005,46.21199999999999,-11.062575,-19.316250000000004,120.854925,10.124811109349151,46.489944582135166,122.8877983220822
5400,166,281,191,-0.49,-0.74,9.81,-5.114999999999999,-0.7020000000000006,47.68349999999999,-11.829825,-19.421550000000003,128.00745,9.85006598962667,47.96219554242694,130.01172493062165
5550,163,272,208,1.28,-2.79,9.75,-4.922999999999999,-1.1205000000000005,49.14599999999999,-12.568275,-19.589625,135.37935,10.221790449818466,49.40466339577671,137.3655100472413
5700,166,273,189,-0.69,-1.24,9.43,-5.026499999999999,-1.3065000000000009,50.56049999999999,-13.32225,-19.7856,142.963425,9.536173236681472,50.82653642291593,144.93961915278075
5850,166,281,192,1.88,-4.87,9.52,-4.744499999999999,-2.037000000000001,51.98849999999999,-14.033925,-20.091150000000003,150.7617,10.857333926890156,52.24427032220853,152.74061524728162
6000,166,284,192,-0.63,-6.46,7.86,-4.838999999999999,-3.0060000000000007,53.16749999999999,-14.759775,-20.542050000000003,158.73682499999998,10.193532263155888,53.47181512956147,160.73956074138607
6150,166,282,206,2.25,-8.46,5.67,-4.501499999999998,-4.275000000000001,54.018,-15.435,-21.183300000000006,166.839525,10.429908916189058,54.37355470492986,168.88575584138417
6300,166,284,208,0.19,-5.65,7.39,-4.472999999999998,-5.1225000000000005,55.12649999999999,-16.105949999999996,-21.951675000000005,175.10850000000002,9.304337698084694,55.544385292304746,177.21248385189494
6450,184,286,208,0.99,-6.39,6.35,-4.324499999999999,-6.081,56.07899999999999,-16.754624999999997,-22.863825,183.52035,9.062819649535127,56.57326313949019,185.69650189662636
6600,185,286,209,1.33,-6.37,7.5,-4.124999999999999,-7.0365,57.20399999999999,-17.373375,-23.919300000000003,192.10095,9.929541781975642,57.78257153545521,194.36239878711916
6750,185,286,208,1.63,-5.79,7.21,-3.880499999999999,-7.905,58.28549999999999,-17.95545,-25.10505,200.843775,9.389627255647586,58.9469830907401,203.20158384337367
6900,185,286,194,1.52,-6.19,7.23,-3.652499999999999,-8.833499999999999,59.36999999999999,-18.503325,-26.430075,209.749275,9.638433482677566,60.13458554359545,212.21611687990824
7050,185,271,206,1.85,-6.02,8.29,-3.3749999999999987,-9.7365,60.6135,-19.009575,-27.89055,218.8413,10.410907741402765,61.48322079640917,221.4289080194208
7200,185,284,209,1.58,-5.73,7.33,-3.137999999999999,-10.596,61.713,-19.480274999999995,-29.47995,228.09824999999995,9.437065221773134,62.69462998535042,230.818890516224
7350,185,271,192,1.76,-5.34,7.58,-2.8739999999999988,-11.397,62.84999999999999,-19.911375,-31.1895,237.52575,9.437669203781196,63.93961201790326,240.390785342748
7500,185,270,207,1.82,-5.5,7.8,-2.600999999999998,-12.222,64.02,-20.301524999999994,-33.022800000000004,247.12875,9.716089748453337,65.22808356068727,250.15050732254795
7650,166,282,208,2.2,-5.41,7.97,-2.270999999999999,-13.0335,65.21549999999999,-20.642174999999995,-34.977825,256.9110749999999,9.880738838771116,66.54390282738156,260.10161108327804
7800,185,286,209,2.18,-4.81,7.58,-1.943999999999999,-13.755,66.35249999999999,-20.933775,-37.041075,266.86394999999993,9.23823035001834,67.79110131315171,270.23440192268026
7950,167,285,192,2.02,-5.26,7.56,-1.6409999999999991,-14.544,67.48649999999999,-21.17992499999999,-39.222675,276.9869249999999,9.428764500187713,69.0554016659812,280.5508226295493
8100,167,270,190,2.1,-5.89,7.59,-1.3259999999999992,-15.4275,68.62499999999999,-21.37882499999999,-41.53680000000001,287.2806749999999,9.834134430645127,70.35024276610564,291.05419794443134
8250,166,283,207,2.77,-5.27,8.25,-0.9104999999999992,-16.218,69.86249999999998,-21.5154,-43.9695,297.7600499999999,10.17390288925543,71.72601648286344,301.75698292402853
8400,185,272,206,2.53,-4.66,7.43,-0.5309999999999993,-16.916999999999998,70.97699999999999,-21.59505,-46.50705,308.4065999999999,9.128055652766363,72.96712533052127,312.6401810512605
8550,167,268,208,1.71,-3.67,9.54,-0.2744999999999992,-17.4675,72.40799999999999,-21.636224999999992,-49.127175,319.2677999999999,10.363619058996717,74.48561854814658,323.74918327707206
8700,185,270,190,2.12,-3.91,8.3,0.0435000000000007,-18.054,73.65299999999999,-21.6297,-51.835275,330.31574999999987,9.416607669431706,75.83345710997223,335.057061341017
8850,166,283,191,2.26,-4.46,9.06,0.3825000000000007,-18.723,75.012,-21.572324999999992,-54.643725,341.56754999999987,10.34808194787807,77.3142753910945,346.58288056507297
9000,185,287,191,1.94,-4.0,8.26,0.6735000000000007,-19.323,76.25099999999999,-21.4713,-57.54217499999999,353.0051999999999,9.38036246634425,78.6641400655343,358.3082330263436
9150,167,271,205,2.15,-3.28,9.45,0.9960000000000006,-19.815,77.6685,-21.321899999999992,-60.51442499999999,364.6554749999999,10.231490604990066,80.16247334788267,370.25698440430017
9300,185,286,207,2.84,-4.28,9.21,1.4220000000000006,-20.457,79.05,-21.108599999999992,-63.58297499999999,376.5129749999999,10.54552511731872,81.66647680045956,382.42697086785233
9450,167,271,204,1.4,-3.26,8.69,1.6320000000000006,-20.946,80.35350000000001,-20.8638,-66.724875,388.5659999999999,9.386357120842996,83.05470066317741,394.8050701931341
9600,185,286,207,1.32,-3.33,8.37,1.8300000000000003,-21.4455,81.60900000000001,-20.58929999999999,-69.9417,400.80734999999993,9.104295689398493,84.39956902289254,407.3846983962486
9750,167,286,191,1.36,-2.7,8.62,2.0340000000000007,-21.8505,82.902,-20.28419999999999,-73.219275,413.2426499999999,9.134768743651914,85.75735018206893,420.1690121608066
9900,166,287,207,1.41,-2.48,9.16,2.2455000000000007,-22.2225,84.276,-19.947375,-76.55265,425.8840499999999,9.593961642616671,87.18558339828895,433.1690547994114
10050,185,289,194,1.89,-2.93,9.42,2.5290000000000004,-22.661999999999995,85.689,-19.568024999999995,-79.95195,438.7373999999999,10.0445706727565,88.67111596230194,446.3918996464464
10200,186,289,192,1.74,-2.96,8.82,2.79,-23.106,87.012,-19.149525,-83.41785,451.7891999999999,9.464755675663266,90.07085810627098,459.82466576184015
10350,167,287,206,1.96,-2.41,7.92,3.084,-23.4675,88.2,-18.68692499999999,-86.937975,465.01919999999984,8.507414413322063,91.3207238924988,473.4451066720366
10500,185,274,190,1.56,-2.58,9.11,3.318,-23.8545,89.5665,-18.189225,-90.51615,478.4541749999999,9.595941850594969,92.74806853244978,487.2806366888116
10650,167,270,187,2.51,-3.55,9.17,3.6945,-24.387,90.942,-17.635049999999993,-94.1742,492.0954749999999,10.148472791509077,94.22750375155864,501.3359466960434
10800,167,270,189,2.42,-2.05,9.09,4.0575,-24.6945,92.3055,-17.026424999999993,-97.878375,505.94129999999984,9.627408789492632,95.63779047400666,515.6032141934446
10950,185,286,207,1.8,-2.15,9.46,4.327500000000001,-25.017000000000003,93.7245,-16.37729999999999,-101.630925,519.9999749999998,9.86681812946808,97.10231431588024,530.0915344274478
11100,166,288,210,1.73,-3.05,8.82,4.587000000000001,-25.47450000000001,95.0475,-15.68924999999999,-105.4521,534.2570999999998,9.491459318777066,98.5089740861207,544.7907367608065
11250,185,290,194,1.92,-2.58,8.63,4.875000000000001,-25.861500000000007,96.342,-14.957999999999991,-109.331325,548.7083999999999,9.209761126109624,99.8717365987495,559.69454939352
11400,167,273,189,2.24,-2.81,9.72,5.211000000000001,-26.28300000000001,97.8,-14.17634999999999,-113.273775,563.3783999999998,10.363015970266572,101.40409562734634,574.8279208499122
11550,185,272,190,1.33,-2.28,10.06,5.410500000000001,-26.625000000000007,99.309,-13.364774999999993,-117.267525,578.2747499999999,10.400524025259497,102.95844606563368,590.1965571892034
11700,185,272,190,0.98,-1.71,9.15,5.5575,-26.88150000000001,100.6815,-12.531149999999991,-121.29975,593.3769749999999,9.359861110080642,104.35643387328832,605.7779242680733
11850,167,270,206,0.41,-2.91,9.18,5.619,-27.31800000000001,102.0585,-11.688299999999993,-125.39745,608.68575,9.638910726840455,105.8006791436142,621.5782163786429
12000,167,270,207,0.62,-3.79,9.16,5.712,-27.88650000000001,103.4325,-10.83149999999999,-129.580425,624.200625,9.932477032442613,107.27798414632892,637.6008376608528
12150,185,287,208,1.54,-3.12,9.09,5.943,-28.35450000000001,104.796,-9.94004999999999,-133.8336,639.920025,9.733144404559097,108.72671491059592,653.8408640326506
12300,166,273,190,-2.0,-5.2,6.65,5.643,-29.134500000000006,105.7935,-9.09359999999999,-138.20377499999998,655.78905,8.675396244552752,109.87687282362928,670.2553655772649
12450,166,286,209,0.68,-4.49,8.94,5.744999999999999,-29.808000000000007,107.1345,-8.23184999999999,-142.674975,671.8592249999999,10.02726782329065,111.35224730219862,686.8906245271321
12600,166,289,188,-4.41,0.07,10.6,5.0835,-29.797500000000007,108.7245,-7.469324999999991,-147.1446,688.1679,11.480984278362198,112.84834902979308,703.7630160185498
12750,166,289,190,-2.4,-0.5,9.36,4.7235000000000005,-29.87250000000001,110.1285,-6.760799999999991,-151.625475,704.6871749999999,9.675722195267909,114.20579766697486,720.8467296832914
12900,166,290,210,-0.97,-3.1,9.61,4.578,-30.33750000000001,111.57,-6.07409999999999,-156.1761,721.4226749999999,10.144111592446132,115.71165408138457,738.1588886589225
13050,185,291,198,0.11,-2.41,10.09,4.5945,-30.699000000000005,113.08350000000002,-5.384924999999989,-160.78095,738.3851999999998,10.374406007092649,117.26643169935718,755.7064343243333
13200,185,292,189,-1.6,-1.5,10.1,4.3545,-30.924000000000007,114.59850000000002,-4.731749999999989,-165.41955,755.5749749999999,10.33537614216338,118.77740377908589,773.4853326511858
13350,167,275,192,-0.5,-1.88,9.68,4.2795,-31.206000000000007,116.0505,-4.08982499999999,-170.10045,772.98255,9.873540398458903,120.24910438959618,791.4877840897076
13500,185,289,189,0.31,-1.47,10.55,4.326,-31.426500000000004,117.633,-3.44092499999999,-174.814425,790.6274999999999,10.656429983817285,121.8353884027543,809.7306755392104
13650,167,274,188,-0.71,-1.56,10.07,4.2195,-31.66050000000001,119.1435,-2.8079999999999896,-179.56349999999998,808.499025,10.214822563314549,123.3505777560446,828.2038449694619
13800,166,287,205,0.22,-1.85,11.13,4.2525,-31.93800000000001,120.813,-2.170124999999989,-184.3542,826.6209749999999,11.284848248868924,125.03559720835504,846.9317663248357
13950,167,289,188,-0.57,-2.95,8.3,4.167,-32.380500000000005,122.058,-1.5450749999999895,-189.211275,844.929675,8.827083323499332,126.3487872250858,865.8576381481466
14100,166,290,184,-0.2,-1.44,9.17,4.137,-32.596500000000006,123.4335,-0.9245249999999896,-194.10075,863.4446999999999,9.28453014427763,127.73204571876236,884.9930541281824
14250,168,276,162,-0.47,-0.54,7.02,4.0665,-32.6775,124.4865,-0.3145499999999896,-199.002375,882.117675,7.05640843489094,128.76817972911633,904.2862581863936
14400,170,278,150,1.28,-1.48,7.62,4.2585,-32.8995,125.6295,0.3242250000000102,-203.9373,900.9621,7.867223144159571,129.93568868001583,923.7549637699116
14550,194,288,62,2.21,-0.27,5.1,4.59,-32.940000000000005,126.3945,1.0127250000000103,-208.8783,919.921275,5.564800086256469,130.6969063530197,943.3378620729908
14700,188,311,56,5.05,-1.89,7.17,5.347499999999999,-33.2235,127.46999999999998,1.81485000000001,-213.86182500000004,939.041775,8.971259666289901,131.83701152749177,963.0885883801157
14850,191,299,211,1.69,-6.1,10.67,5.600999999999999,-34.1385,129.07049999999998,2.65500000000001,-218.9826,958.40235,12.406248425692596,133.6263535141927,983.105026237422
15000,174,288,674,3.64,-2.04,8.97,6.146999999999999,-34.4445,130.416,3.5770500000000096,-224.14927500000005,977.96475,9.893032901997245,135.02793135218357,1003.3298286268032
15150,181,289,664,2.71,-5.25,10.04,6.5535,-35.232,131.92199999999997,4.560075000000009,-229.43407500000004,997.75305,11.649386249927502,136.70280271541617,1023.8026850127976
15300,159,261,112,3.14,-4.17,8.0,7.0245,-35.857499999999995,133.122,5.61375000000001,-234.81270000000004,1017.72135,9.55240807336035,138.04553882867785,1044.4736782304162
15450,180,314,141,3.31,-1.26,6.39,7.521,-36.0465,134.08049999999997,6.74190000000001,-240.219675,1037.833425,7.305874348768941,139.04494267502142,1065.292994213304
15600,186,326,122,4.97,-5.64,6.82,8.266499999999999,-36.89249999999999,135.1035,7.98187500000001,-245.75355,1058.09895,10.15001970441437,140.29378920946573,1086.2927347898544
15750,174,293,681,4.79,0.68,8.84,8.985,-36.7905,136.4295,9.32962500000001,-251.272125,1078.563375,10.077306187667416,141.5884161416463,1107.4852940766511
15900,186,271,275,6.02,0.19,10.57,9.888,-36.76199999999999,138.015,10.812825000000007,-256.786425,1099.265625,12.165582600105925,143.16898202124648,1128.9114666595435
16050,169,312,620,5.89,-3.11,6.88,10.7715,-37.2285,139.047,12.42855000000001,-262.3707,1120.122675,9.57593859629436,144.34699384988937,1150.507566303998
16200,163,285,680,2.93,-3.6,9.26,11.211,-37.7685,140.436,14.11020000000001,-268.035975,1141.188075,10.35820930470127,145.85752023550242,1172.3278569412423
16350,151,250,444,6.42,-1.52,2.5,12.174,-37.9965,140.811,15.93630000000001,-273.73545,1162.3097249999998,7.055267535678573,146.3546309798566,1194.214787663412
16500,186,282,262,7.56,-6.59,4.47,13.308000000000002,-38.98499999999999,141.4815,17.93250000000001,-279.5832,1183.5319499999998,10.980100181692332,147.35653338501825,1216.238552648818
16650,184,313,97,8.27,-2.84,5.05,14.5485,-39.411,142.239,20.11477500000001,-285.49485,1204.8677999999998,10.097573966057393,148.31324584894634,1238.3934467796018
16800,176,313,197,6.09,-3.96,-4.46,15.462000000000002,-40.00499999999999,141.57,22.43407500000001,-291.4956,1226.1032999999998,8.524159782641336,147.92409664757125,1260.47700288873
16950,166,301,674,7.71,-8.14,3.12,16.6185,-41.22599999999999,142.03799999999998,24.92685000000001,-297.6795,1247.409,11.637787590431438,148.83061197969317,1282.6783095742178
17100,180,263,565,3.07,-4.68,-5.94,17.079,-41.92799999999999,141.147,27.48870000000001,-303.9687,1268.58105,8.161550097867439,148.22997346690715,1304.7798586836334
17250,180,248,143,6.64,-5.28,-0.55,18.075,-42.71999999999999,141.06449999999998,30.19995000000001,-310.3766999999999,1289.740725,8.501205796826707,148.49544499832308,1326.9049968277377
17400,168,296,484,11.03,-2.98,-1.57,19.7295,-43.16699999999999,140.82899999999998,33.15937500000001,-316.85174999999987,1310.865075,11.532831395628742,148.61174348028487,1349.0225426149143
17550,163,291,364,8.53,-5.09,-0.69,21.009,-43.93049999999998,140.72549999999998,36.31072500000001,-323.4413249999999,1331.9739000000002,9.957163250645236,148.91250203223365,1371.1627291277252
17700,167,297,341,6.93,-4.05,-0.04,22.0485,-44.53799999999998,140.71949999999998,39.61800000000001,-330.1220249999999,1353.081825,8.0267677180793,149.23721880449258,1393.3343326206495
17850,190,290,248,7.68,-4.38,-2.87,23.2005,-45.19499999999999,140.289,43.098075,-336.9012749999999,1374.125175,9.295359057077892,149.20407080991455,1415.4786857222937
18000,187,317,78,4.4,-7.19,-2.26,23.8605,-46.273499999999984,139.95,46.677150000000005,-343.84229999999985,1395.1176750000002,8.727181675661393,149.32033606478387,1437.6229028152056
18150,185,330,173,2.32,-6.58,-1.13,24.2085,-47.26049999999998,139.7805,50.30842500000001,-350.93137499999983,1416.0847500000002,7.067934634672281,149.52656791603957,1459.78758275577
18300,184,313,678,5.07,-4.37,-6.17,24.969,-47.91599999999998,138.855,54.05377500000001,-358.11877499999986,1436.9130000000002,9.103334553887382,148.99699675496817,1481.8535140722418
18450,161,272,680,7.4,-7.97,-3.83,26.079,-49.11149999999999,138.2805,57.965625,-365.4854999999999,1457.6550750000004,11.530385943237112,149.04210932988033,1503.894272236299
18600,174,293,677,7.74,-4.34,0.56,27.24,-49.76249999999998,138.36449999999996,62.05162500000001,-372.9498749999999,1478.4097500000005,8.891389092824586,149.54283288242198,1525.9873532643448
18750,174,250,466,9.09,-5.54,-0.65,28.603500000000004,-50.59349999999999,138.26699999999997,66.34215,-380.53889999999984,1499.1498000000004,10.664998827941805,149.98541843625995,1548.1153891489723
18900,170,272,165,6.4,-5.63,0.09,29.563500000000005,-51.43799999999998,138.2805,70.776675,-388.2545999999999,1519.8918750000005,8.524376810066528,150.47047901997254,1570.2936934969307
19050,182,277,145,7.36,-1.2,0.02,30.667500000000004,-51.61799999999998,138.28349999999998,75.3768,-395.9972999999998,1540.6344000000004,7.457211275000863,150.75556325555615,1592.4979993861502
19200,189,297,213,11.04,-7.16,3.07,32.3235,-52.69199999999999,138.74399999999997,80.225325,-403.9010999999999,1561.4460000000004,13.511924363317018,151.89191239908067,1614.8330601856549
19350,180,294,109,7.53,-5.72,-0.14,33.453,-53.54999999999999,138.72299999999998,85.243275,-411.9335999999999,1582.2544500000004,9.457214177547211,152.41645724133596,1637.2186327080722
19500,165,278,209,7.59,-4.2,-0.33,34.5915,-54.17999999999999,138.6735,90.432,-420.0605999999999,1603.0554750000006,8.6808409730855,152.8475838032777,1659.6432478770364
19650,179,288,590,5.96,-3.64,-0.45,35.48550000000001,-54.72599999999999,138.60599999999997,95.754825,-428.2694999999999,1623.8463750000003,6.998121176430143,153.18543998125276,1682.1001161469765
19800,161,256,167,8.69,-4.2,0.99,36.78900000000001,-55.35599999999999,138.75449999999998,101.273175,-436.57289999999983,1644.6595500000003,9.7023811510371,153.85229451408904,1704.6281671951783
19950,169,290,125,8.35,-4.1,0.37,38.041500000000006,-55.97099999999999,138.80999999999997,106.9794,-444.9685499999998,1665.4810500000003,9.309640164904334,154.42838036853846,1727.2141530286758
20100,170,298,87,8.57,-3.4,-0.66,39.327000000000005,-56.48099999999999,138.71099999999998,112.87845,-453.4406999999998,1686.2877,9.243403052988656,154.84656215428225,1749.8331977826292
20250,184,292,110,8.28,-3.14,-0.95,40.569,-56.951999999999984,138.56849999999997,118.9638,-461.98349999999976,1707.072975,8.906205701644218,155.21147914136372,1772.478288148557
20400,180,281,100,10.31,0.24,-2.95,42.1155,-56.91599999999998,138.12599999999998,125.281125,-470.52089999999976,1727.791875,10.726425313215955,155.21577971408058,1795.090538366823
20550,168,278,111,8.87,-3.54,-2.91,43.446000000000005,-57.44699999999998,137.68949999999998,131.798025,-479.1379499999998,1748.4453,9.983816905372413,155.3901899582145,1817.6921801053643
20700,167,269,680,8.72,-3.71,-1.24,44.75400000000001,-58.00349999999998,137.50349999999997,138.511125,-487.8384749999998,1769.0708250000002,9.557201473234723,155.80288521237338,1840.321519002936
20850,162,260,477,7.58,-4.49,-2.58,45.891000000000005,-58.67699999999998,137.11649999999997,145.39477499999998,-496.6400249999998,1789.6383000000003,9.180027233075077,156.04457306247463,1862.9536225725512
21000,159,268,116,7.67,-5.64,-1.22,47.041500000000006,-59.52299999999998,136.93349999999995,152.451,-505.5684749999998,1810.178325,9.598275886845512,156.54607524144444,1885.626251040919
21150,177,291,53,8.26,-5.55,-0.02,48.28050000000001,-60.35549999999998,136.93049999999997,159.693075,-514.6217999999998,1830.7179000000003,9.95140693570512,157.23789266824326,1908.3672352612343
21300,171,290,313,6.25,-3.13,-2.59,49.21800000000001,-60.82499999999998,136.54199999999994,167.075775,-523.7455499999998,1851.1992,7.454361139628265,157.3715664057519,1931.1038796028795
21450,164,297,696,9.02,-4.82,-2.36,50.571000000000005,-61.54799999999998,136.18799999999996,174.66142499999998,-532.9777499999998,1871.6274,10.495827742488917,157.77437589482008,1953.857983531263
21600,176,303,332,13.52,-5.82,-3.33,52.599,-62.42099999999998,135.68849999999995,182.551275,-542.3408999999997,1891.980675,15.091444596194227,158.348997705227,1976.625785117252
21750,193,329,61,1.26,-1.19,-9.04,52.788,-62.59949999999998,134.33249999999995,190.469475,-551.7308249999998,1912.1305500000003,9.204634702148692,157.32288740199243,1999.2320436620803
21900,214,342,132,2.13,-8.79,-8.03,53.1075,-63.91799999999998,133.12799999999996,198.4356,-561.3185249999997,1932.0997500000003,12.094705453213814,156.93623438916197,2021.7479115373408
22050,182,338,682,-3.19,-8.06,-1.64,52.629,-65.12699999999998,132.88199999999995,206.32995,-571.0875749999997,1952.0320500000005,8.822091588733366,157.06356577513444,2044.2950351682573
22200,174,274,346,-4.22,-7.21,-6.86,51.996,-66.20849999999997,131.85299999999995,214.12935,-581.0188499999997,1971.81,10.809814984540669,156.43645066687617,2066.753240879701
22350,166,292,245,-3.11,-10.43,-5.12,51.52949999999999,-67.77299999999998,131.08499999999995,221.858775,-591.1847999999998,1991.47275,12.02794246743806,156.30657735440946,2089.182734417481
22500,180,294,453,-1.73,-8.12,-6.37,51.26999999999999,-68.99099999999999,130.12949999999995,229.549275,-601.5334499999998,2010.992175,10.464425450066525,155.95530690313166,2111.545616138368
22650,171,296,145,-4.79,-7.86,-9.66,50.55149999999999,-70.16999999999999,128.68049999999997,237.132,-612.0589499999998,2030.29425,13.343136812608948,155.04178189281748,2133.762518482824
22800,159,289,331,-5.99,-4.9,-7.15,49.652999999999984,-70.90499999999997,127.60799999999996,244.57995,-622.6946999999998,2049.43545,10.536251705421622,154.1970852448255,2155.8649552016923
22950,168,279,272,-3.1,-4.1,-7.1,49.18799999999998,-71.51999999999998,126.54299999999996,251.95815,-633.4226999999998,2068.4169,8.765272385955841,153.4526004764989,2177.8557570308285
23100,186,278,219,-3.44,-2.92,-6.48,48.67199999999998,-71.95799999999998,125.57099999999996,259.25895,-644.2163999999998,2087.25255,7.89622694709315,152.69247980499887,2199.739343800889
23250,186,278,221,-3.05,-6.56,-7.47,48.21449999999998,-72.94199999999998,124.45049999999996,266.491125,-655.1576999999999,2105.920125,10.398894171978094,152.09569462841472,2221.519458490758
23400,187,296,259,-3.59,-1.05,-6.81,47.67599999999999,-73.09949999999999,123.42899999999996,273.642525,-666.1226249999999,2124.434475,7.769601019357428,151.16631872626252,2243.172178321092
23550,185,282,341,-1.54,-2.03,-11.58,47.44499999999999,-73.40399999999998,121.69199999999996,280.759275,-677.1332249999998,2142.688275,11.857019018286172,149.82696054115223,2264.6077405855303
23700,182,277,459,-1.03,-2.74,-6.46,47.29049999999999,-73.81499999999998,120.72299999999996,287.85285,-688.2054749999998,2160.796725,7.092256340544947,149.19479999064976,2285.941496592558
23850,166,276,474,-5.06,-4.42,-8.27,46.53149999999999,-74.47799999999998,119.48249999999996,294.832575,-699.3771749999997,2178.7191,10.655181837960344,148.28425669132912,2307.134932529288
24000,171,303,185,-1.24,-0.78,-12.21,46.34549999999999,-74.59499999999998,117.65099999999995,301.7844,-710.5664249999998,2196.36675,12.297564799585324,146.81306888778664,2328.090498439913
24150,169,309,662,1.88,-4.63,-10.14,46.62749999999998,-75.28949999999998,116.12999999999997,308.77852499999995,-721.8598499999997,2213.78625,11.304463720141705,146.0438614475117,2348.888115945981
24300,188,307,650,-0.73,-4.15,-11.78,46.51799999999998,-75.91199999999998,114.36299999999996,315.756225,-733.2466499999998,2230.9407,12.510947206346929,144.9325768659344,2369.4828655803703
24450,158,270,186,-3.95,-4.2,-4.72,45.92549999999999,-76.54199999999997,113.65499999999996,322.6450499999999,-744.7279499999999,2247.98895,7.451234796998414,144.51743264827945,2390.015453323013
24600,168,292,153,-0.03,-2.31,-9.23,45.92099999999999,-76.88849999999996,112.27049999999996,329.5331999999999,-756.2612249999999,2264.829525,9.51472017455059,143.61491859657193,2410.389169336036
24750,186,294,248,-1.31,-3.21,-10.04,45.72449999999999,-77.36999999999998,110.76449999999996,336.39187499999986,-767.8667249999999,2281.4442,10.621760682674037,142.63807787719233,2430.589730629561
24900,164,286,342,1.03,-1.95,-8.99,45.878999999999984,-77.66249999999998,109.41599999999995,343.27372499999984,-779.5160999999999,2297.8566,9.256538229813565,141.80341181808703,2450.6381117166497
25050,186,295,171,-0.17,-1.94,-8.26,45.85349999999998,-77.95349999999999,108.17699999999996,350.1517499999999,-791.2091249999999,2314.0831499999995,8.486465695447075,141.0019679064799,2470.5462862746062
25200,171,304,155,-0.51,2.78,-9.94,45.77699999999998,-77.53649999999999,106.68599999999996,357.0182999999999,-802.8395999999999,2330.0860499999994,10.334026320849004,139.60424476802268,2490.243861606258
25350,168,301,171,0.07,-1.53,-9.46,45.78749999999998,-77.76599999999999,105.26699999999994,363.8864249999999,-814.5044999999998,2345.8760999999995,9.583183187229595,138.65492130195014,2509.774011215101
25500,166,297,180,-1.02,-0.03,-5.02,45.63449999999998,-77.77049999999998,104.51399999999994,370.7315999999999,-826.1700749999998,2361.5531999999994,5.122665321880787,138.0359897146392,2529.2157734156062
25650,168,296,208,-3.23,-0.31,-8.13,45.149999999999984,-77.81699999999998,103.29449999999994,377.5041,-837.8426249999998,2377.047374999999,8.753622107447866,136.98088085294964,2548.49834859238
25800,163,290,254,-0.23,-1.54,-12.28,45.115499999999976,-78.04799999999997,101.45249999999994,384.2714249999999,-849.5498249999997,2392.2652499999995,12.378323796055748,135.71848953071935,2567.5537890347346
25950,165,279,246,-2.5,-2.6,-13.3,44.740499999999976,-78.43799999999997,99.45749999999995,390.9824999999999,-861.3155249999998,2407.183875,13.780420893427022,134.33549974038874,2586.361528667694
26100,184,277,209,-0.66,-1.08,-10.56,44.64149999999997,-78.59999999999998,97.87349999999996,397.67872499999993,-873.1055249999998,2421.864899999999,10.63558178944622,133.22929679503676,2604.9743223216533
26250,166,276,222,-0.73,-2.43,-10.67,44.531999999999975,-78.96449999999997,96.27299999999995,404.35852499999993,-884.9501999999998,2436.30585,10.967529348034589,132.2383522781874,2623.4002492880186
26400,184,292,199,-1.08,-1.57,-9.19,44.369999999999976,-79.19999999999997,94.89449999999997,411.0140249999999,-896.8301999999998,2450.540025,9.385488799204866,131.32518048816831,2641.6629895779174
26550,185,280,217,-0.03,-0.7,-7.23,44.365499999999976,-79.30499999999999,93.80999999999996,417.6688499999999,-908.7259499999998,2464.611525,7.263869492219695,130.60588315711504,2659.8007612651268
26700,166,293,236,-0.92,-0.29,-7.02,44.22749999999998,-79.34849999999999,92.75699999999996,424.3029749999999,-920.6282249999998,2478.525075,7.0859650013248014,129.83111051477604,2677.8117728220286
26850,165,293,241,0.05,-1.42,-8.61,44.23499999999998,-79.56149999999998,91.46549999999996,430.93822499999993,-932.5624499999998,2492.2448999999992,8.72645403356942,129.04536100728296,2695.6752620618377
27000,163,293,312,-0.6,-0.81,-8.38,44.144999999999975,-79.68299999999996,90.20849999999996,437.5599749999999,-944.5148999999998,2505.7761749999995,8.44040875787423,128.20193050906053,2713.3892767610105
27150,165,278,264,-3.18,-2.24,-13.91,43.66799999999997,-80.01899999999996,88.12199999999997,444.1101749999999,-956.5177499999998,2518.9944749999995,14.443617967808482,126.78888543164967,2730.841119267856
27300,165,292,293,0.16,-0.74,-9.35,43.69199999999998,-80.12999999999997,86.71949999999997,450.663975,-968.53725,2532.0023999999994,9.380602326076934,125.8970986331694,2748.126375661447
27450,164,294,390,-0.21,-0.25,-9.77,43.66049999999998,-80.16749999999998,85.25399999999996,457.2130499999999,-980.5623749999996,2544.7905,9.775453953653509,124.90521139047796,2765.231461061839
27600,182,296,535,0.47,-0.46,-8.59,43.73099999999999,-80.23649999999998,83.96549999999996,463.7726999999999,-992.5978499999998,2557.385325,8.615137839872325,124.0987569780616,2782.185347818378
27750,167,287,163,2.4,-3.04,-9.98,44.09099999999998,-80.69249999999997,82.46849999999996,470.3863499999999,-1004.7017249999998,2569.755599999999,10.70523236553042,123.5165953607044,2798.9878024413847
27900,189,290,137,-1.53,0.35,-6.7,43.86149999999999,-80.63999999999997,81.46349999999995,476.96557499999983,-1016.7977249999998,2581.9751249999995,6.881380675416817,122.7311802864292,2815.664987071264
28050,189,304,134,-0.3,-1.46,-9.2,43.816499999999984,-80.85899999999997,80.08349999999994,483.5380499999998,-1028.926575,2593.98765,9.319957081446244,121.94847487976216,2832.184822869361
28200,170,294,262,0.05,-0.57,-9.51,43.823999999999984,-80.94449999999998,78.65699999999994,490.1116499999998,-1041.0682499999998,2605.786199999999,9.527197909144116,121.07633420801103,2848.5354571664047
28350,159,265,418,-2.77,-4.41,-9.74,43.40849999999999,-81.60599999999998,77.19599999999994,496.62292499999984,-1053.3091499999998,2617.365599999999,11.044844951378902,120.42864910082643,2864.733352193993
28500,188,291,147,-5.76,-0.63,-7.66,42.54449999999999,-81.70049999999998,76.04699999999994,503.0045999999999,-1065.564225,2628.772649999999,9.604691561939925,119.44937165803756,2880.7787819631394
28650,167,282,184,-4.79,-1.52,-8.49,41.82599999999999,-81.92849999999997,74.77349999999994,509.27849999999984,-1077.8534999999997,2639.988674999999,9.86582991947459,118.5443785697997,2896.665835430927
28800,165,277,240,-4.17,-4.26,-6.15,41.200499999999984,-82.56749999999997,73.85099999999994,515.4585749999999,-1090.2386249999995,2651.066324999999,8.56498686513879,118.18986190659496,2912.468104809376
28950,167,282,250,-6.54,-1.08,-3.29,40.21949999999998,-82.72949999999997,73.35749999999994,521.4914999999999,-1102.6480499999998,2662.0699499999987,7.400141890531559,117.65670893217262,2928.2080741357927
29100,174,290,694,-4.41,-5.67,-5.9,39.55799999999998,-83.57999999999997,72.47249999999994,527.4251999999999,-1115.1850499999998,2672.9408249999983,9.295536563318976,117.48495656997956,2943.879700546579
29250,170,301,467,-9.69,-9.2,-4.3,38.10449999999998,-84.95999999999998,71.82749999999994,533.1408749999998,-1127.9290499999995,2683.714949999998,14.036598590826769,117.59823245482896,2959.525142194801
29400,166,295,344,-4.09,-5.31,-4.89,37.49099999999998,-85.75649999999997,71.09399999999994,538.7645249999998,-1140.7925249999998,2694.379049999998,8.296764429583378,117.5334386855502,2975.122394721475
29550,195,310,136,-7.25,-4.24,-4.52,36.40349999999998,-86.39249999999997,70.41599999999994,544.2250499999998,-1153.7514,2704.941449999999,9.53784566870318,117.2488461542372,2990.657360176448
29700,161,286,129,-8.73,-3.44,-2.36,35.09399999999998,-86.90849999999998,70.06199999999994,549.4891499999999,-1166.7876749999998,2715.450749999999,9.675541328525242,117.01863121849438,3006.1611034964817
29850,168,300,127,-7.29,-7.65,-0.93,34.00049999999998,-88.05599999999997,69.92249999999994,554.5892249999998,-1179.9960749999998,2725.939124999999,10.60808653810856,117.469354056707,3021.705488413334
30000,163,298,394,-4.63,-4.6,-1.78,33.30599999999998,-88.74599999999998,69.65549999999995,559.5851249999998,-1193.3079749999995,2736.38745,6.765005543234978,117.63090934040248,3037.257926458892
30150,184,297,358,-6.93,-5.84,-2.83,32.26649999999998,-89.62199999999999,69.23099999999995,564.4250999999999,-1206.751275,2746.772099999999,9.494177162871988,117.7546655859121,3052.798929271717
30300,188,301,323,-7.92,-2.47,-3.3,31.07849999999998,-89.99249999999999,68.73599999999995,569.0868749999998,-1220.2501499999998,2757.082499999999,8.928454513520244,117.42725797062616,3068.28522332565
30450,167,298,281,-8.76,-4.61,-3.0,29.764499999999984,-90.68399999999998,68.28599999999994,573.5515499999999,-1233.8527499999998,2767.3254,10.343582551514732,117.35625723518106,3083.738617113183
30600,169,287,249,-6.41,-5.21,-4.71,28.802999999999983,-91.4655,67.57949999999995,577.8719999999998,-1247.572575,2777.462324999999,9.508748603260052,117.3138496491356,3099.140259018706
30750,167,279,169,-4.88,-4.64,-5.09,28.070999999999984,-92.1615,66.81599999999996,582.0826499999998,-1261.3968,2787.484724999999,8.441095900414826,117.24376733647718,3114.4844181003027
30900,185,296,195,-6.9,-6.0,-7.39,27.035999999999984,-93.0615,65.70749999999995,586.1380499999998,-1275.3560249999998,2797.340849999999,11.756789527757991,117.08485655497893,3129.729482757307
31050,162,290,162,0.26,-3.69,-4.92,27.07499999999998,-93.615,64.96949999999995,590.1992999999998,-1289.3982749999998,2807.086274999999,6.155493481435912,117.12326745890414,3144.9350518868964
31200,188,288,175,-4.87,-3.3,-7.78,26.344499999999982,-94.11,63.80249999999996,594.1509749999998,-1303.514775,2816.6566499999994,9.753732618849051,116.71111252361533,3160.019119202599
31350,169,300,216,-7.89,-0.89,-5.31,25.160999999999984,-94.2435,63.00599999999996,597.9251249999999,-1317.6513,2826.10755,9.551978852572905,116.12350859860372,3174.996580732798
31500,169,300,215,-6.03,-4.07,-9.05,24.256499999999985,-94.854,61.64849999999996,601.5635999999998,-1331.8794,2835.3548249999994,11.611558896203388,115.6987323201944,3189.830478981618
31650,168,302,250,-6.16,-1.83,-5.26,23.332499999999985,-95.1285,60.859499999999954,605.0634749999998,-1346.148675,2844.483749999999,8.304342237648926,115.31572229644142,3204.5757703629647
31800,189,300,101,-5.41,-1.46,-7.62,22.520999999999983,-95.3475,59.716499999999954,608.4416249999998,-1360.4508,2853.441224999999,9.458546399949624,114.73622605567952,3219.1853650858284
31950,189,307,148,-4.21,-4.55,-5.73,21.889499999999984,-96.03,58.85699999999996,611.7250499999998,-1374.8553000000002,2862.269774999999,8.441534220744474,114.7390847063458,3233.7320386225783
32100,166,300,264,-3.58,-6.27,-8.44,21.35249999999998,-96.9705,57.59099999999996,614.9279249999998,-1389.400875,2870.908424999999,11.106885251950702,114.78645567966628,3248.182003695536
32250,165,297,231,-5.51,-4.11,-6.99,20.525999999999986,-97.587,56.542499999999954,618.0068249999998,-1404.038925,2879.389799999999,9.803688081533398,114.6367896935796,3262.5363383425743
32400,185,283,222,-4.89,-1.74,-5.3,19.792499999999983,-97.848,55.74749999999995,620.9756999999998,-1418.716125,2887.751924999999,7.418200590439705,114.34053487936812,3276.809033750168
32550,188,301,216,-7.28,-3.12,-7.27,18.700499999999984,-98.316,54.656999999999954,623.7807749999998,-1433.463525,2895.950474999999,10.751079015615131,114.03127731131488,3290.964795681921
32700,186,299,172,-4.59,-2.09,-6.38,18.011999999999983,-98.6295,53.69999999999995,626.4825749999998,-1448.25795,2904.005474999999,8.132687132799342,113.7360998726877,3305.0233441455152
32850,187,300,162,-4.05,0.52,-5.56,17.404499999999985,-98.55150000000002,52.86599999999996,629.0932499999997,-1463.040675,2911.9353749999987,6.898296891262364,113.18183921681074,3318.9778489885107
33000,170,302,167,-4.22,-4.61,-6.97,16.771499999999985,-99.243,51.82049999999995,631.6089749999996,-1477.927125,2919.708449999999,9.361698563829108,113.20698071011344,3332.851019339555
33150,186,287,178,-5.88,-4.54,-9.11,15.889499999999986,-99.924,50.45399999999995,633.9923999999997,-1492.915725,2927.276549999999,11.754918119663785,113.06143507956192,3346.594048490186
33300,167,297,218,-2.65,-3.55,-6.89,15.491999999999983,-100.4565,49.420499999999954,636.3161999999998,-1507.9842,2934.6896249999995,8.191281950952488,113.02166286380675,3360.255622555332
33450,184,297,230,-2.89,-3.52,-10.48,15.058499999999984,-100.9845,47.84849999999995,638.5749749999998,-1523.1318750000005,2941.8668999999995,11.426849959634543,112.75684730760254,3373.7648946915187
33600,168,300,174,-3.89,-4.05,-7.09,14.474999999999984,-101.592,46.784999999999954,640.7462249999998,-1538.3706750000003,2948.8846499999995,9.044484507145778,112.77985774951128,3387.190685148583
33750,186,302,193,-3.06,-3.36,-9.6,14.015999999999984,-102.096,45.34499999999995,642.8486249999997,-1553.685075,2955.6864,10.621355845653603,112.5886783695412,3400.4814015205416
33900,166,283,213,-5.54,-3.44,-8.21,13.184999999999985,-102.612,44.11349999999995,644.8263749999998,-1569.076875,2962.303425,10.484717449697918,112.46807391989068,3413.655646857506
34050,166,294,215,-4.79,-4.54,-7.17,12.466499999999982,-103.293,43.03799999999995,646.6963499999997,-1584.570825,2968.759125,9.744978193921217,112.59274805798994,3426.749423406279
34200,167,298,182,-3.86,-5.1,-6.68,11.887499999999983,-104.058,42.03599999999995,648.4794749999998,-1600.1795250000002,2975.064525,9.248351204403953,112.85568357973824,3439.7832881795
34350,165,298,227,-4.83,-4.8,-5.77,11.162999999999982,-104.778,41.170499999999954,650.1539249999996,-1615.8962250000002,2981.2400999999995,8.92534593167122,113.12847529799912,3452.7689279779734
34500,166,298,222,-3.74,-4.36,-7.09,10.601999999999984,-105.432,40.10699999999996,651.7442249999996,-1631.7110250000003,2987.25615,9.124982191763443,113.29995797439643,3465.6818534943773
34650,167,298,209,-5.04,-4.74,-8.86,9.845999999999982,-106.143,38.77799999999996,653.2211249999996,-1647.6324750000003,2993.072849999999,11.2413878146784,113.43285877116912,3478.487558728363
34800,185,285,198,-2.48,-3.28,-7.86,9.473999999999982,-106.635,37.598999999999954,654.6422249999996,-1663.6277250000005,2998.712699999999,8.87064822885002,113.46569834976556,3491.2020146767377
34950,186,298,185,-3.77,-2.7,-6.35,8.908499999999982,-107.04,36.64649999999995,655.9784999999995,-1679.6837250000003,3004.2096749999987,7.8629129462305505,113.48959835376984,3503.843743641506
35100,186,301,179,-2.91,-4.24,-8.03,8.471999999999984,-107.676,35.44199999999995,657.2492999999995,-1695.8351250000003,3009.5259749999987,9.53554403272304,113.6751121574111,3516.4015708866286
35250,167,299,179,-4.32,-5.93,-5.5,7.823999999999983,-108.5655,34.616999999999955,658.4228999999995,-1712.1199500000005,3014.7185249999984,9.169367480911646,114.2191728881364,3528.9379738684243
35400,167,300,185,-4.34,-3.64,-7.24,7.172999999999984,-109.1115,33.53099999999995,659.4988499999994,-1728.4866750000006,3019.7481749999984,9.192540454085584,114.3726336247006,3541.3957642742644
35550,167,300,182,-6.19,-6.6,-5.99,6.244499999999984,-110.1015,32.63249999999995,660.4355249999993,-1745.001900000001,3024.6430499999983,10.851552884265,115.0052787429777,3553.825022929369
35700,167,285,182,-3.57,-2.96,-7.98,5.7089999999999845,-110.5455,31.43549999999995,661.2918749999993,-1761.5837250000006,3029.3583749999984,9.229674967191425,115.0699392174168,3566.1598854101485
35850,168,284,188,-3.31,-4.6,-6.55,5.212499999999984,-111.2355,30.45299999999995,662.0737499999992,-1778.2690500000008,3033.9263249999985,8.6613278427733,115.44648901330866,3578.448184640231
36000,185,298,213,-4.48,-2.46,-7.52,4.540499999999984,-111.60450000000002,29.324999999999942,662.7548249999993,-1795.0097250000008,3038.3250749999984,9.092436417154644,115.482189906063,3590.643832556928
36150,167,297,212,-4.91,-2.49,-7.8,3.803999999999984,-111.978,28.154999999999948,663.3254249999993,-1811.806425000001,3042.5483249999984,9.547156644781731,115.52595779737122,3602.7411024222947
36300,168,289,236,-3.14,-3.84,-10.49,3.332999999999984,-112.55400000000002,26.581499999999945,663.8253749999992,-1828.689525000001,3046.5355499999982,11.603676141637184,115.69826250748108,3614.7127637963727
36450,185,282,194,-3.22,-7.7,-7.72,2.849999999999984,-113.70900000000002,25.423499999999944,664.2528749999993,-1845.7458750000008,3050.3490749999987,11.369116060626702,116.5513343263388,3626.6567519381583
36600,167,280,218,-2.98,-2.04,-9.11,2.402999999999984,-114.015,24.05699999999995,664.6133249999993,-1862.848125000001,3053.957624999998,9.799698974968567,116.55013463312686,3638.484737343171
36750,166,293,181,-12.01,-8.61,-1.7,0.6014999999999839,-115.3065,23.80199999999995,664.7035499999993,-1880.144100000001,3057.5279249999985,14.874884873504062,117.7390587209699,3650.376646087663
36900,186,301,202,-3.86,0.95,-6.77,0.0224999999999839,-115.16400000000002,22.786499999999947,664.7069249999993,-1897.4187000000009,3060.9458999999983,7.8507961379722495,117.39664383831423,3662.160949764421
37050,186,302,206,-4.36,-1.87,-9.0,-0.631500000000016,-115.4445,21.43649999999995,664.6121999999992,-1914.7353750000009,3064.1613749999983,10.173814427244093,117.41956781026748,3673.827141375477
37200,167,301,186,-2.41,-2.42,-5.8,-0.993000000000016,-115.8075,20.566499999999944,664.4632499999992,-1932.1065000000008,3067.2463499999985,6.730861757605783,117.62373921747258,3685.450733564502
37350,166,300,219,-2.72,-4.11,-7.16,-1.4010000000000162,-116.424,19.492499999999943,664.2530999999992,-1949.570100000001,3070.1702249999985,8.692301191284159,118.05281925159602,3697.025962331096
37500,166,282,194,-1.47,-3.52,-8.48,-1.6215000000000164,-116.952,18.220499999999944,664.0098749999992,-1967.112900000001,3072.9032999999986,9.298478370142076,118.37392528128818,3708.527600894297
37650,167,299,181,-1.86,-6.98,-8.16,-1.900500000000016,-117.999,16.996499999999948,663.7247999999992,-1984.812750000001,3075.4527749999984,10.897963112435278,119.23194585974012,3720.002961551616
37800,168,302,188,-3.22,-4.37,-8.3,-2.383500000000016,-118.6545,15.751499999999949,663.3672749999993,-2002.6109250000009,3077.8154999999983,9.91742406071254,119.71917638686794,3731.414599117944
37950,166,284,198,-4.12,-1.06,-8.09,-3.001500000000016,-118.8135,14.537999999999949,662.9170499999992,-2020.432950000001,3079.996199999998,9.140355572952291,119.73725497312856,3742.724263506576
38100,165,280,228,-1.14,-6.03,-8.66,-3.1725000000000163,-119.718,13.238999999999947,662.4411749999992,-2038.3906500000007,3081.9820499999987,10.61395779151208,120.48956552851372,3753.9949532284936
38250,167,281,188,-2.16,-0.79,-8.08,-3.496500000000016,-119.8365,12.026999999999948,661.9166999999992,-2056.366125000001,3083.7860999999984,8.400958278672737,120.48925667253492,3765.1709215306023
38400,168,283,209,-3.11,-2.51,-10.05,-3.963000000000016,-120.213,10.519499999999947,661.3222499999993,-2074.398075000001,3085.364024999998,10.815484270248836,120.7374449715166,3776.234322532562
38550,168,299,196,-0.91,-4.24,-10.7,-4.099500000000016,-120.849,8.914499999999947,660.7073249999992,-2092.525425000001,3086.701199999998,11.545375697654883,121.24667010479092,3787.2049220581553
38700,166,285,193,-3.42,-2.79,-8.12,-4.612500000000016,-121.26749999999998,7.696499999999948,660.0154499999992,-2110.715550000001,3087.855674999997,9.242018177865695,121.59900420953288,3798.103894956034
38850,186,285,208,-1.97,-1.8,-8.91,-4.908000000000016,-121.53749999999998,6.359999999999947,659.2792499999991,-2128.946175000001,3088.8096749999977,9.301021449281794,121.80271741734664,3808.911413238865
39000,167,297,189,-2.05,-2.28,-7.91,-5.215500000000016,-121.87949999999998,5.173499999999948,658.4969249999991,-2147.2281000000007,3089.585699999998,8.483454485055011,122.10069231069085,3819.6526689358216
39150,167,286,206,-1.62,-1.8,-9.1,-5.458500000000015,-122.14949999999996,3.808499999999948,657.6781499999992,-2165.550525000001,3090.1569749999976,9.416708554479106,122.33070033621972,3830.302828165984
39300,166,283,191,-1.41,-0.36,-7.92,-5.670000000000014,-122.20349999999996,2.6204999999999474,656.8276499999992,-2183.881050000001,3090.550049999998,8.052583436388598,122.36303090598888,3840.866909163688
39450,167,297,199,-0.75,-2.96,-8.95,-5.782500000000014,-122.64749999999998,1.2779999999999476,655.9602749999991,-2202.278175000001,3090.741749999998,9.456563857977166,122.79038987844282,3851.363084370579
39600,167,284,195,-1.81,-1.87,-9.25,-6.054000000000015,-122.92799999999995,-0.1095000000000522,655.052174999999,-2220.7173750000006,3090.725324999998,9.609136277522554,123.07703315505287,3861.76928961266
39750,186,299,195,-2.83,-3.23,-7.94,-6.478500000000015,-123.41249999999998,-1.3005000000000524,654.080399999999,-2239.229250000001,3090.530249999997,9.026926387204009,123.58926902749282,3872.124227072883
39900,167,300,194,-3.19,-1.23,-8.09,-6.957000000000014,-123.59699999999998,-2.514000000000052,653.0368499999989,-2257.7688000000007,3090.153149999998,8.782772910647298,123.81816689807678,3882.399203091598
40050,186,303,210,-1.67,-1.81,-8.09,-7.207500000000014,-123.86849999999995,-3.727500000000053,651.9557249999989,-2276.3490750000005,3089.5940249999976,8.456541846405065,124.1339905293872,3892.6087162633385
40200,167,301,199,-2.5,-2.18,-10.59,-7.582500000000014,-124.19549999999995,-5.316000000000053,650.8183499999989,-2294.978400000001,3088.7966249999977,11.09731949616663,124.54026008684896,3902.711233459973
40350,167,286,203,-0.69,-1.53,-7.66,-7.686000000000014,-124.42499999999995,-6.465000000000052,649.6654499999989,-2313.6421500000006,3087.826874999998,7.841721749717979,124.82968976169086,3912.7586183091566
40500,167,298,212,0.46,-1.59,-9.36,-7.617000000000013,-124.66349999999996,-7.869000000000052,648.5228999999989,-2332.3416750000006,3086.646524999998,9.505224878981032,125.14362981090964,3922.7269100793615
40650,186,302,190,1.3,0.48,-9.98,-7.422000000000014,-124.59149999999995,-9.366000000000051,647.4095999999989,-2351.030400000001,3085.241624999998,10.075753073592068,125.16329299059684,3932.581724075032
40800,167,302,204,-0.69,-2.01,-8.62,-7.525500000000013,-124.89299999999996,-10.659000000000054,646.2807749999989,-2369.764350000001,3083.642774999998,8.87809664286214,125.57272347229708,3942.374243837743
40950,167,287,189,-1.55,-0.39,-9.84,-7.758000000000013,-124.95149999999995,-12.135000000000051,645.117074999999,-2388.5070750000004,3081.822524999998,9.968961831605132,125.77886206056245,3952.059230752872
41100,167,284,209,-1.49,-1.81,-7.0,-7.981500000000014,-125.22299999999996,-13.185000000000054,643.919849999999,-2407.290525000001,3079.8447749999978,7.382154157154942,126.16793687878862,3961.7072434839993
41250,167,282,215,-3.62,-5.61,-9.7,-8.524500000000014,-126.06449999999997,-14.640000000000054,642.641174999999,-2426.2002000000007,3077.648774999998,11.775674078370203,127.19769990255324,3971.316793274544
41400,186,300,203,-4.23,-3.81,-8.3,-9.159000000000011,-126.63599999999994,-15.885000000000051,641.267324999999,-2445.195600000001,3075.266024999998,10.064740433811496,127.95662156371584,3980.887643339273
41550,187,303,191,-3.67,-4.63,-7.91,-9.709500000000013,-127.33049999999994,-17.071500000000054,639.810899999999,-2464.2951750000007,3072.705299999998,9.87288711573266,128.83620117323386,3990.4419000826415
41700,186,289,187,-3.07,-4.61,-6.25,-10.170000000000012,-128.0219999999999,-18.009000000000054,638.285399999999,-2483.498475000001,3070.003949999997,8.35101790202847,129.68186251361436,4000.012147506064
41850,166,299,216,-3.66,-6.47,-7.37,-10.719000000000012,-128.99249999999995,-19.114500000000053,636.677549999999,-2502.8473500000005,3067.1367749999977,10.467731368352934,130.84084273459868,4009.604862905248
42000,186,303,199,-4.42,-4.77,-7.01,-11.382000000000012,-129.70799999999994,-20.166000000000054,634.970249999999,-2522.3035500000005,3064.1118749999973,9.561872201614074,131.75880518583944,4019.201910733481
42150,186,303,212,-4.57,-4.3,-7.79,-12.067500000000011,-130.35299999999995,-21.33450000000005,633.1601249999991,-2541.8565000000003,3060.9116999999974,10.002949565003314,132.63743836300517,4028.7847604059393
42300,167,302,193,-3.64,-5.06,-7.43,-12.61350000000001,-131.11199999999994,-22.44900000000005,631.268099999999,-2561.5233000000003,3057.5443499999974,9.698355530707255,133.6166700949024,4038.37572332459
42450,167,287,193,-3.57,-5.45,-7.63,-13.14900000000001,-131.92949999999993,-23.59350000000005,629.295749999999,-2581.312725,3054.0053249999974,10.03316002065152,134.66604031269347,4047.979378695416
42600,167,284,211,-3.81,-5.51,-7.53,-13.72050000000001,-132.75599999999994,-24.72300000000005,627.2376749999988,-2601.2261250000006,3050.2968749999973,10.078546522192571,135.73368920518584,4057.599719040392
42750,167,283,194,-4.35,-4.64,-7.41,-14.37300000000001,-133.45199999999994,-25.83450000000005,625.081724999999,-2621.2439250000007,3046.421699999997,9.7652547329806,136.6873835555059,4067.226579809546
42900,186,300,193,-4.13,-4.82,-7.31,-14.992500000000009,-134.17499999999995,-26.93100000000005,622.8328499999989,-2641.3701750000005,3042.382049999997,9.681187943635845,137.66983853498917,4076.8671426207698
43050,167,302,193,-3.78,-5.17,-6.94,-15.559500000000009,-134.95049999999995,-27.97200000000005,620.4989249999988,-2661.61275,3038.186249999997,9.44356394588399,138.6945142192004,4086.536068185103
43200,186,304,174,0.06,-0.37,-1.19,-15.550500000000008,-135.00599999999994,-28.15050000000005,618.1663499999988,-2681.8636500000007,3033.963674999997,1.2476377679438853,138.7836039901688,4096.273654760279
43350,167,302,213,-0.23,-0.23,-0.23,-15.585000000000008,-135.04049999999995,-28.18500000000005,615.8285999999988,-2702.1197250000005,3029.7359249999968,0.3983716857408418,138.82803423750548,4106.092503591172
43500,167,288,211,-0.22,-0.45,-0.29,-15.61800000000001,-135.10799999999995,-28.22850000000005,613.4858999999988,-2722.3859250000005,3025.5016499999965,0.5787918451395113,138.90623384229374,4115.99444949694
43650,167,300,208,0.19,-0.84,-0.59,-15.589500000000008,-135.23399999999995,-28.31700000000005,611.1474749999988,-2742.671025000001,3021.2540999999965,1.0439348638684312,139.04358940724305,4125.981328646582
43800,167,286,196,1.31,-1.64,-0.8,-15.393000000000008,-135.47999999999996,-28.43700000000005,608.8385249999988,-2762.993025,3016.9885499999964,2.246263564232835,139.2854544379993,4136.065124796019
43950,186,301,213,4.06,-4.91,-0.21,-14.784000000000008,-136.21649999999994,-28.46850000000005,606.6209249999988,-2783.4255000000003,3012.7182749999965,6.374621557394603,139.9426919152979,4146.313768302764
44100,168,288,214,5.59,-5.8,0.07,-13.945500000000008,-137.08649999999994,-28.45800000000005,604.5290999999988,-2803.988475000001,3008.4495749999965,8.055619156837047,140.7019659297623,4156.750611474941
44250,185,301,198,4.29,-5.48,-0.17,-13.302000000000008,-137.90849999999995,-28.483500000000053,602.5337999999988,-2824.6747500000006,3004.177049999997,6.961565915797968,141.44612878583845,4167.362975692985
44400,186,303,197,3.06,-3.79,-2.04,-12.843000000000009,-138.47699999999995,-28.78950000000005,600.6073499999989,-2845.4463000000005,2999.858624999997,5.281032096096368,142.0199193361621,4178.091143697632
44550,186,304,234,5.18,-6.02,-1.53,-12.066000000000008,-139.37999999999994,-29.01900000000005,598.7974499999989,-2866.3533000000007,2995.505774999997,8.087873638973349,142.87923263021813,4188.9848978727205
