Time Stamp [ms],Sensor X,Sensor Y,Sensor Z,Acceleration X (m/s^2),Acceleration Y (m/s^2),Acceleration Z (m/s^2),Velocity X (m/s),Velocity Y (m/s),Velocity Z (m/s),Displacement Position X (m),Displacement Position Y (m),Displacement Position Z (m),Acceleration Magnitude (m/s^2),Velocity Magnitude (m/s),Displacement Position Magnitude (m)
0,171,368,222,0.45,-7.66,5.51,0.0675,-1.149,0.8264999999999999,0.010125,-0.17235,0.1239749999999999,9.446597270975406,1.416989590646311,0.2125484385969465
150,186,305,208,0.58,-7.84,5.45,0.1545,-2.325,1.644,0.0332999999999999,-0.5211,0.370575,9.565798450730602,2.8517067258047417,0.6402967520025382
300,168,306,193,0.56,-8.13,5.57,0.2385,-3.5445,2.4795000000000003,0.069075,-1.052775,0.7425,9.87093713889416,4.332237614674431,1.2901212370354966
450,167,306,192,0.45,-7.66,5.46,0.306,-4.6935,3.2985,0.114975,-1.7568,1.237275,9.417520905206423,5.744795949378881,2.1518398909421674
600,167,307,192,0.57,-7.85,5.51,0.3914999999999999,-5.871,4.125,0.1737,-2.63745,1.856025,9.607679220290402,7.185926401654835,3.2297280060594886
750,167,308,208,0.62,-7.91,5.59,0.4845,-7.057499999999999,4.963500000000001,0.2463749999999999,-3.696074999999999,2.60055,9.705699356563647,8.641723135463204,4.525984019939752
900,187,295,192,0.67,-8.15,5.51,0.585,-8.28,5.79,0.334125,-4.938075,3.46905,9.860603429810975,10.12051011560188,6.0440493151322
1050,187,293,192,0.53,-7.95,5.44,0.6645,-9.4725,6.606,0.4337999999999999,-6.35895,4.459949999999999,9.647642199003858,11.5675862866892,7.779176148217752
1200,187,308,208,0.57,-7.89,5.6,0.75,-10.656,7.446,0.5463,-7.95735,5.576849999999999,9.692110193347988,13.021357532914916,9.732374768523869
1350,187,296,192,0.58,-8.12,5.5,0.837,-11.874,8.270999999999999,0.67185,-9.73845,6.817499999999999,9.824499987276706,14.494891720878773,11.906598887801673
1500,168,309,192,0.54,-7.94,5.41,0.918,-13.065,9.0825,0.80955,-11.6982,8.179875,9.623060843619353,15.938279557405185,14.297328752537132
1650,167,311,192,0.57,-7.9,5.59,1.0035,-14.25,9.921,0.960075,-13.8357,9.668024999999998,9.694482967131355,17.392405045018933,16.906183658538964
1800,167,311,192,0.7,-7.36,5.56,1.1085,-15.354,10.755,1.12635,-16.1388,11.281274999999996,9.250578360297265,18.778820869532783,19.72299914790154
1950,187,314,194,1.09,-7.38,5.82,1.272,-16.461,11.628000000000002,1.31715,-18.60795,13.025474999999998,9.461759878584957,20.1938824647466,22.75200400625459
2100,168,313,193,0.75,-9.07,4.34,1.3845,-17.8215,12.279000000000002,1.524825,-21.281175,14.867324999999996,10.082807148805337,21.68632157605342,26.004823654792872
2250,167,313,196,3.15,-6.57,7.18,1.857,-18.807,13.356000000000003,1.803375,-24.102225,16.870724999999997,10.22935970625728,23.141616927086147,29.475256968631754
2400,167,313,198,5.59,-4.21,9.55,2.6955,-19.4385,14.788500000000004,2.2077,-27.018,19.089,11.839539686997972,24.572764084449275,33.15473094884047
2550,187,300,196,4.9,-1.16,8.48,3.4304999999999994,-19.6125,16.0605,2.722275,-29.959875,21.498075,9.86235266049638,25.580425069767703,36.97529066683418
2700,188,315,214,4.31,2.05,10.16,4.076999999999999,-19.305,17.584500000000002,3.333825,-32.855625,24.135749999999994,11.225159241632165,26.42952126410919,40.90404517078659
2850,187,315,209,3.25,4.05,6.78,4.564499999999999,-18.6975,18.6015,4.0185,-35.66025,26.925975,8.54010538576662,26.76652702070256,44.864350012154695
3000,187,301,206,2.67,6.18,8.25,4.964999999999999,-17.7705,19.839,4.763249999999999,-38.325825,29.90182499999999,10.64818294358244,27.092947721685803,48.843387994934886
3150,187,314,208,-0.05,5.51,6.94,4.9575,-16.944,20.880000000000003,5.506874999999998,-40.867425,33.03382499999999,8.861501001523388,27.343195538378467,52.83659425556188
3300,187,315,188,0.6,6.29,8.4,5.047499999999999,-16.0005,22.140000000000004,6.263999999999999,-43.2675,36.35482499999999,10.511141707730898,27.779000278987724,56.85936644943052
3450,163,313,267,-0.65,4.65,8.71,4.95,-15.302999999999995,23.446500000000004,7.006499999999999,-45.56295,39.87179999999999,9.894902728172724,28.432774596405466,60.94943716058828
3600,166,313,211,-0.33,4.28,8.97,4.9005,-14.660999999999996,24.792000000000005,7.741574999999999,-47.7621,43.5906,9.94425462264518,29.21648653158008,65.12519165615272
3750,187,302,195,-0.71,3.69,8.83,4.794,-14.107499999999996,26.11650000000001,8.460674999999998,-49.878225,47.508075,9.596306581180077,30.067849349429707,69.4005586491339
3900,169,299,192,-0.25,4.07,9.12,4.7565,-13.496999999999998,27.484500000000008,9.17415,-51.902775,51.630750000000006,9.990085084722752,30.986949535247906,73.78209421320071
4050,168,299,207,-0.55,3.97,9.0,4.674,-12.9015,28.83450000000001,9.87525,-53.838,55.955925,9.852075923377772,31.93310771753981,78.2758989036097
4200,169,299,208,-0.63,3.67,8.87,4.5795,-12.350999999999996,30.165000000000006,10.562174999999998,-55.69065,60.480675000000005,9.619911642005864,32.915744655863406,82.8910133042705
4350,169,315,202,1.08,3.57,8.22,4.741499999999999,-11.815499999999998,31.398000000000007,11.2734,-57.462975,65.190375,9.02661065959976,33.88100155691978,87.62915060669737
4500,170,303,203,1.68,6.05,9.2,4.9935,-10.908,32.778000000000006,12.022424999999998,-59.099175,70.10707500000001,11.138442440485116,34.904394999054205,92.47839290135224
4650,169,316,186,0.44,5.42,8.16,5.059499999999999,-10.095,34.002,12.781349999999998,-60.61342500000001,75.20737500000001,9.805896185459032,35.82797188301342,97.4345906361994
4800,186,320,205,1.44,3.61,10.01,5.275499999999999,-9.5535,35.5035,13.572674999999997,-62.04645,80.53290000000001,10.738053827393491,37.142950539099616,102.56474758253016
4950,172,321,195,1.64,3.06,9.46,5.521499999999999,-9.094499999999998,36.92250000000001,14.400899999999996,-63.410625,86.07127500000001,10.076943981187949,38.42483440107453,107.872877331729
5100,188,324,217,2.68,0.8,10.79,5.923499999999999,-8.974499999999999,38.541,15.289424999999998,-64.7568,91.852425,11.146591407241946,40.01297518930578,113.41991730490392
5250,190,309,190,1.47,-0.24,10.18,6.143999999999999,-9.0105,40.068000000000005,16.211025,-66.108375,97.862625,10.288386656808736,41.5256844645576,119.20657678409304
5400,172,305,187,0.29,-0.51,7.87,6.187499999999999,-9.087,41.24850000000001,17.139149999999997,-67.471425,104.0499,7.891837555347931,42.688376374605774,125.18995704234077
5550,169,298,193,-0.43,-0.74,8.72,6.122999999999998,-9.198,42.556500000000014,18.0576,-68.85112499999998,110.433375,8.761900478777422,43.96760199567405,131.3852527699218
5700,169,301,207,-0.39,-0.17,10.68,6.064499999999999,-9.2235,44.15850000000001,18.967275,-70.23464999999999,117.05715,10.688470423779073,45.51729599558833,137.82249434570042
5850,186,317,211,-0.79,-0.57,9.96,5.945999999999999,-9.309,45.65250000000001,19.859175,-71.63099999999999,123.905025,10.00752716708778,46.969811083822776,144.49166831665846
6000,163,301,217,10.81,18.63,10.03,7.567499999999999,-6.514500000000001,47.157,20.9943,-72.60817499999999,130.978575,23.75992213791956,48.20257685539229,151.2220050731746
6150,168,305,182,0.08,-1.35,10.16,7.579499999999999,-6.717000000000001,48.68100000000001,22.131225,-73.61572499999998,138.28072500000002,10.249609748668483,49.72330107957436,158.21069810161978
6300,187,320,213,-1.21,0.2,10.7,7.397999999999999,-6.687,50.28600000000001,23.240925,-74.61877499999999,145.82362500000002,10.77005571016232,51.26527254389662,165.446764203767
6450,188,322,196,-0.33,-1.61,9.02,7.348499999999999,-6.9285000000000005,51.639,24.3432,-75.65804999999999,153.56947500000004,9.168500422642731,52.617400976293005,172.91707714340458
6600,188,308,194,-1.25,-0.47,9.96,7.160999999999999,-6.9990000000000006,53.133,25.417349999999995,-76.7079,161.53942500000002,10.049129315517838,54.06830505018629,180.62427697505984
6750,188,321,195,-0.6,-1.7,9.46,7.070999999999999,-7.254,54.552,26.478,-77.79599999999999,169.722225,9.630244025983972,55.484594807928445,188.57077122118005
6900,188,308,193,-0.09,-2.01,9.09,7.057499999999998,-7.5555,55.9155,27.536625,-78.929325,178.10955,9.310010741132364,56.86331881582362,196.75140625303996
7050,169,304,192,-0.57,-1.32,9.78,6.971999999999999,-7.753500000000001,57.38249999999999,28.582425,-80.09235000000001,186.716925,9.885125188888605,58.32218147926224,205.17053791628743
7200,168,319,193,-0.39,-2.14,8.84,6.913499999999998,-8.0745,58.70849999999999,29.61945,-81.303525,195.5232,9.103697051198486,59.66307069494494,213.8150994059309
7350,170,323,216,5.29,-2.3,10.94,7.706999999999998,-8.4195,60.34949999999999,30.7755,-82.56644999999999,204.575625,12.36760688249752,61.41944300870856,222.74545205232167
7500,188,323,205,3.21,-4.51,6.67,8.188499999999998,-9.096,61.34999999999999,32.003775,-83.93084999999999,213.778125,8.667935163578463,62.55886226786736,231.8829789451756
7650,169,324,198,-0.03,-4.13,7.55,8.183999999999997,-9.7155,62.48249999999999,33.231375,-85.388175,223.1505,8.605829419643408,63.76073715461576,241.2293729305601
7800,168,324,208,2.53,-5.44,7.06,8.563499999999998,-10.5315,63.54149999999999,34.515899999999995,-86.9679,232.681725,9.264885320391182,64.97513560393698,250.78984854294967
7950,188,311,207,1.85,-5.56,7.25,8.840999999999998,-11.3655,64.62899999999999,35.84205,-88.672725,242.376075,9.321941857789072,66.21363539521145,260.56413114535496
8100,168,321,195,3.63,-5.48,7.07,9.3855,-12.1875,65.6895,37.249875,-90.50085,252.2295,9.653610723454722,67.46653375378047,270.5506934171268
8250,169,308,191,1.4,-6.15,6.8,9.595499999999998,-13.11,66.70949999999999,38.6892,-92.46735,262.23592499999995,9.274831534858194,68.65932646407185,280.7396398324756
8400,169,307,191,2.62,-6.03,7.38,9.988499999999998,-14.0145,67.81649999999999,40.187475,-94.569525,272.4084,9.88380999412676,69.9660918927876,291.1438898485785
8550,168,321,194,2.79,-6.55,7.01,10.406999999999998,-14.997,68.868,41.748525,-96.819075,282.7386,9.991331242632285,71.2461724024526,301.7581623643199
8700,188,311,206,1.75,-5.64,6.85,10.6695,-15.843,69.8955,43.34894999999999,-99.195525,293.222925,9.04403670934611,72.45840047572123,312.56770049332306
8850,168,322,194,2.57,-6.34,6.98,11.054999999999998,-16.794,70.9425,45.00719999999999,-101.714625,303.8643,9.773479421372924,73.73662432773824,323.5815597422397
9000,169,325,209,2.32,-6.0,7.13,11.402999999999995,-17.694,72.012,46.71764999999999,-104.36872499999998,314.6661,9.60308804499886,75.0255569056305,334.7986321191562
9150,187,311,191,2.66,-6.66,6.73,11.801999999999996,-18.693,73.0215,48.48795,-107.17267499999998,325.61932499999995,9.834841127339068,76.29452742661167,346.2152630594349
9300,169,323,209,2.97,-6.62,6.62,12.247499999999995,-19.686,74.0145,50.325075,-110.12557499999998,336.72149999999993,9.821899001720595,77.56085393096185,357.82904298713123
9450,169,310,191,3.26,-6.34,6.63,12.736499999999998,-20.637,75.009,52.23555,-113.221125,347.97284999999994,9.735507177338016,78.83181009116815,369.6385804636613
9600,169,308,207,2.04,-6.68,7.06,13.0425,-21.639000000000003,76.068,54.191925,-116.46697499999998,359.38305,9.931142935231572,80.1541873594262,381.6510154947302
9750,169,307,207,1.91,-5.56,6.61,13.328999999999995,-22.473000000000003,77.0595,56.191275,-119.83792499999996,370.9419749999999,8.84611779256867,81.36869490319972,393.8483673589771
9900,188,324,209,2.19,-6.91,6.33,13.657499999999995,-23.509500000000003,78.009,58.23989999999999,-123.36434999999996,382.643325,9.62357002364507,82.61130659601021,406.2346156717669
10050,170,325,210,3.28,-5.88,7.14,14.149499999999998,-24.3915,79.08,60.36232499999999,-127.02307499999996,394.5053249999999,9.813888118375916,83.95713205261362,418.8232602366024
10200,188,328,210,2.64,-5.46,7.14,14.545499999999995,-25.210500000000003,80.151,62.54414999999999,-130.80464999999998,406.5279749999999,9.368073441215111,85.27205686213978,431.6093391232928
10350,188,313,192,1.44,-5.88,6.81,14.761499999999996,-26.0925,81.1725,64.75837499999999,-134.71852499999997,418.70384999999993,9.111756142478791,86.53146938975438,444.5847974409816
10500,170,309,191,3.68,-6.09,7.44,15.313499999999998,-27.006000000000004,82.2885,67.05539999999999,-138.76942499999996,431.047125,10.294857939767796,87.9501253580687,457.77178151864734
10650,169,309,206,2.65,-6.22,7.02,15.711,-27.939000000000004,83.3415,69.41205,-142.96027499999997,443.5483499999999,9.746348034007404,89.29293849039799,471.15900893541294
10800,188,310,191,4.0,-5.75,7.45,16.311,-28.8015,84.459,71.85869999999998,-147.28049999999996,456.2171999999999,10.22570290982483,90.71327248120862,484.75700306625777
10950,169,309,190,4.67,-5.6,6.91,17.011499999999998,-29.6415,85.4955,74.41042499999999,-151.72672499999996,469.0415249999999,10.04574536806503,92.07328697700544,498.5557768216429
11100,168,324,210,4.36,-4.82,6.19,17.665499999999998,-30.3645,86.424,77.06024999999998,-156.28139999999996,482.0051249999999,8.975416424879684,93.29083838459164,512.5339975477607
11250,188,328,195,4.11,-4.36,6.31,18.282,-31.018500000000003,87.3705,79.80254999999998,-160.93417499999995,495.1106999999999,8.701597554472396,94.4985880132608,526.6904792417678
11400,169,328,197,6.96,-4.51,7.0,19.326,-31.695,88.4205,82.70145,-165.68842499999994,508.3737749999999,10.85272776770891,95.8970913075574,541.0509025210416
11550,169,314,207,6.02,-3.45,7.14,20.229000000000003,-32.2125,89.4915,85.7358,-170.5202999999999,521.7974999999999,9.956028324588074,97.23983838684636,555.6081632949428
11700,169,310,192,5.32,-4.12,6.02,21.027,-32.8305,90.3945,88.88985000000001,-175.44487499999994,535.3566749999999,9.02868761227234,98.44359851965996,570.3411953066721
11850,188,326,194,5.9,-4.31,6.23,21.912000000000003,-33.477,91.329,92.17665,-180.466425,549.056025,9.602031035150846,99.708733388806,585.2582198878574
12000,188,315,207,5.65,-4.5,6.19,22.759500000000003,-34.152,92.2575,95.59057500000002,-185.589225,562.89465,9.512549605652524,100.97425538472665,600.3593136310568
12150,188,312,192,6.14,-4.63,5.88,23.6805,-34.8465,93.1395,99.14265000000002,-190.8162,576.8655749999999,9.680439039630382,102.22529580661528,615.6411120543713
12300,169,325,209,6.65,-3.89,6.25,24.678,-35.43,94.077,102.84435000000002,-196.1307,590.977125,9.920539299856635,103.51217567513496,631.108686426259
12450,169,328,195,7.1,-3.03,5.96,25.743,-35.8845,94.97100000000002,106.70580000000002,-201.513375,605.222775,9.75256376549264,104.73724375908506,646.752174666797
12600,169,329,196,6.4,-4.14,5.76,26.703,-36.5055,95.835,110.71125000000002,-206.9892,619.5980249999999,9.553910194260778,105.9719253587949,662.5731826576616
12750,188,330,211,6.92,-3.37,6.1,27.741,-37.011,96.75,114.8724,-212.54085,634.1105249999999,9.821064097133265,107.23777180639291,678.5760378294079
12900,169,315,209,6.93,-3.02,5.65,28.7805,-37.464,97.5975,119.18947500000002,-218.16045,648.7501499999998,9.43757384077073,108.43034853075036,694.7495016335027
13050,188,328,195,6.94,-3.08,5.7,29.8215,-37.926,98.4525,123.66270000000002,-223.84935,663.518025,9.494208761134338,109.63848819871606,711.0957490848986
13200,170,329,211,8.09,-3.24,5.21,31.035,-38.412,99.23400000000002,128.31795,-229.61115,678.4031249999999,10.15331472968311,110.8424094153497,727.6108688758645
13350,169,330,195,8.02,-2.89,5.43,32.238,-38.8455,100.04850000000002,133.15365,-235.437975,693.4104,10.107294395633284,112.06232135066632,744.2976000287674
13500,168,330,195,7.71,-2.9,5.68,33.3945,-39.28049999999999,100.9005,138.162825,-241.33005,708.5454749999999,10.00582330445626,113.30958128397614,761.160856447544
13650,169,330,194,6.9,-2.15,5.7,34.429500000000004,-39.60299999999999,101.7555,143.32725,-247.2705,723.8087999999999,9.204482603601356,114.4900426216184,778.1931506510786
13800,169,330,194,6.14,-2.61,6.2,35.350500000000004,-39.99449999999999,102.68550000000002,148.62982499999998,-253.269675,739.2116249999999,9.107782386508804,115.73041860612966,795.4056698875592
13950,169,315,192,5.74,-3.23,6.8,36.2115,-40.47899999999999,103.7055,154.06154999999998,-259.341525,754.7674499999999,9.466810444917549,117.06687363853192,812.814180091139
14100,168,327,195,5.51,-3.82,6.9,37.038,-41.05199999999999,104.7405,159.61724999999998,-265.499325,770.4785249999999,9.620940702446928,118.43839110799335,830.4244189323875
14250,169,330,210,5.18,-4.56,7.04,37.815000000000005,-41.73599999999999,105.7965,165.2895,-271.75972499999995,786.348,9.858377148395164,119.85310731578883,848.2435641054552
14400,188,332,194,4.28,-4.03,7.03,38.457,-42.340499999999984,106.851,171.05805,-278.1108,802.3756499999998,9.16407114769413,121.19733903947726,866.2639073973731
14550,169,331,208,2.97,-4.46,7.02,38.9025,-43.00949999999998,107.904,176.893425,-284.562225,818.5612499999999,8.83135889883318,122.50099923061852,884.4825966104385
14700,168,331,195,5.25,-4.98,7.79,39.690000000000005,-43.75649999999999,109.0725,182.84692500000003,-291.12569999999994,834.9221249999998,10.632356276950093,124.04328941341406,902.9297458811294
14850,188,318,206,3.17,-5.6,7.32,40.1655,-44.59649999999999,110.1705,188.87175,-297.81517499999995,851.4476999999998,9.746348034007404,125.45777884511584,921.5907997824374
15000,169,328,195,4.01,-5.1,7.15,40.767,-45.36149999999999,111.243,194.98680000000004,-304.6194,868.13415,9.654667265110694,126.86456960180016,940.4625103781768
15150,170,315,191,3.49,-4.86,7.17,41.2905,-46.0905,112.3185,201.18037500000003,-311.5329749999999,884.9819249999999,9.338554491997142,128.23683177133628,959.5412160893334
15300,168,328,213,3.9,-4.2,8.24,41.8755,-46.7205,113.5545,207.4617000000001,-318.5410499999999,902.0151,10.03731039671485,129.7342941968314,978.8462586790648
15450,170,315,197,4.14,-3.98,7.5,42.4965,-47.3175,114.6795,213.83617500000005,-325.6386749999999,919.217025,9.44616324229049,131.13461037708544,998.3618559641774
15600,170,313,189,3.96,-4.43,7.01,43.0905,-47.982,115.731,220.29975000000005,-332.8359749999999,936.576675,9.18948311930546,132.48670829653062,1018.0803672885156
15750,188,330,207,5.63,-4.94,7.11,43.935,-48.723,116.7975,226.89000000000004,-340.1444249999999,954.0963,10.327274567861553,133.96219974399494,1038.0159207026984
15900,169,331,209,4.93,-3.05,7.21,44.6745,-49.1805,117.879,233.59117500000005,-347.5214999999999,971.77815,9.251567434764771,135.31441597812113,1058.1534873625626
16050,169,332,193,5.09,-3.08,6.59,45.438,-49.6425,118.8675,240.40687500000007,-354.9678749999999,989.608275,8.878209278903038,136.5960182673712,1078.4814304278757
16200,188,333,209,7.44,-2.83,7.79,46.554,-50.06699999999999,120.036,247.38997500000008,-362.4779249999999,1007.613675,11.137620930881065,138.13985920435854,1099.0347418939093
16350,169,332,211,5.07,-0.35,7.75,47.31449999999999,-50.1195,121.1985,254.48715000000007,-369.9958499999999,1025.79345,9.267680400186446,139.42633392853017,1119.7824970034346
16500,188,334,197,3.05,4.87,10.7,47.77199999999999,-49.389,122.8035,261.6529500000001,-377.4041999999999,1044.213975,12.14534478720139,140.72006579464778,1140.7361754615497
16650,171,318,208,3.84,1.08,8.69,48.34799999999999,-49.227,124.107,268.90515000000005,-384.7882499999999,1062.830025,9.561804223053304,141.9977960462767,1161.886241882606
16800,170,329,206,-3.08,4.68,8.83,47.88599999999999,-48.525,125.4315,276.08805000000007,-392.0669999999999,1081.64475,10.457423200769872,142.76135966447643,1183.1722229009456
16950,189,334,194,1.62,1.71,8.19,48.12899999999999,-48.2685,126.66000000000004,283.30740000000003,-399.3072749999999,1100.64375,8.522006805911387,143.83672803998988,1204.6269327790858
17100,188,334,190,1.41,0.35,9.35,48.3405,-48.216,128.06250000000003,290.55847500000004,-406.5396749999999,1119.853125,9.46219319185568,145.12611929800923,1226.2829022357348
17250,189,318,190,0.88,0.78,9.81,48.4725,-48.099,129.53400000000002,297.82935000000003,-413.7545249999999,1139.283225,9.880227730168976,146.43139763469446,1248.143179064725
17400,169,314,191,0.93,0.32,9.37,48.612,-48.051,130.9395,305.12115000000006,-420.9621749999999,1158.92415,9.421475468311742,147.70639053625948,1270.202052592923
17550,188,316,192,1.11,0.99,10.0,48.7785,-47.9025,132.4395,312.43792500000006,-428.1475499999999,1178.790075,10.110004945597208,149.04433142105742,1292.4681127470085
17700,189,316,208,1.32,1.19,9.31,48.9765,-47.724,133.836,319.78440000000006,-435.30615,1198.865475,9.47811162626818,150.2942201957547,1314.926588771464
17850,189,331,195,1.44,1.18,9.76,49.1925,-47.547,135.3,327.1632750000001,-442.4382,1219.160475,9.935975040226298,151.6136842941626,1337.5872431846049
18000,171,318,208,1.67,1.13,10.85,49.443,-47.377500000000005,136.9275,334.5797250000001,-449.544825,1239.6996,11.035773647551856,153.09597647064408,1360.4739028388292
18150,170,330,188,1.33,1.67,10.22,49.6425,-47.127,138.46050000000002,342.0261000000001,-456.613875,1260.4686749999998,10.440603430836743,154.45595487225478,1383.567621975876
18300,189,335,175,1.41,2.25,11.53,49.854,-46.7895,140.19000000000003,349.5042000000001,-463.63229999999993,1281.497175,11.831800370188809,155.97408350828672,1406.891291093207
18450,171,335,180,0.27,3.25,11.16,49.8945,-46.302,141.864,356.9883750000001,-470.5776,1302.776775,11.626736429454311,157.34907317887195,1430.423469811056
18600,188,321,187,-1.93,5.2,8.04,49.605,-45.522,143.07,364.42912500000006,-477.4058999999999,1324.237275,9.767625095180506,158.11999686630404,1454.073361630183
18750,171,315,203,-3.3,3.86,7.82,49.10999999999999,-44.943,144.24300000000002,371.7956250000001,-484.14735,1345.873725,9.32426940837726,158.8638045559781,1477.838532088854
18900,188,330,176,-0.6,5.74,8.37,49.01999999999999,-44.082,145.4985,379.1486250000001,-490.75965,1367.6985,10.166833331967236,159.73727375365465,1501.731634084387
19050,170,333,173,-3.19,3.92,7.72,48.54149999999999,-43.49399999999999,146.65650000000002,386.42985,-497.28375,1389.6969749999998,9.227182668615594,160.48717783829338,1525.738129335842
19200,172,338,184,-3.03,2.48,6.41,48.087,-43.12199999999999,147.61800000000002,393.64290000000005,-503.75205,1411.839675,7.511284843487165,161.13019697437227,1549.842614107548
19350,191,346,301,-1.85,3.25,9.33,47.80949999999999,-42.6345,149.0175,400.81432500000005,-510.14722499999993,1434.1923,10.051562067658937,162.20254062976326,1574.1060535045583
19500,173,337,187,-5.04,1.56,5.73,47.05349999999999,-42.4005,149.877,407.87235,-516.5073,1456.67385,7.7889729746610366,162.71124543650942,1598.4487324032746
19650,185,311,60,-12.01,-15.01,-2.2,45.25199999999999,-44.652,149.54700000000005,414.66015,-523.2051,1479.1059,19.348906945871644,162.49876866302716,1622.7879960360942
19800,192,336,152,-8.25,-10.14,0.97,44.01449999999999,-46.17299999999999,149.69250000000002,421.262325,-530.13105,1501.559775,13.108127249916366,162.71775162993129,1647.1741360695771
19950,169,347,494,-6.41,-10.59,2.04,43.05299999999999,-47.761499999999984,149.9985,427.720275,-537.295275,1524.0595499999995,12.54582799180668,163.20009710015492,1671.64241335568
20100,165,333,681,-4.94,-6.62,1.82,42.31199999999999,-48.75449999999999,150.27150000000003,434.067075,-544.60845,1546.600275,8.45815582736568,163.55069650264412,1696.1677393585028
20250,185,325,646,-7.78,-13.05,1.71,41.14499999999999,-50.71199999999999,150.52800000000002,440.238825,-552.21525,1569.179475,15.289048368031285,164.08320070317987,1720.7777689554275
20400,187,376,703,-5.3,-8.28,2.36,40.34999999999999,-51.95399999999999,150.88200000000003,446.291325,-560.00835,1591.811775,10.110291786095988,164.59865898603186,1745.465561352795
20550,171,312,238,-4.66,-11.86,0.36,39.65099999999999,-53.73299999999998,150.93600000000004,452.2389749999999,-568.0683,1614.452175,12.7477370540814,165.04882061378083,1770.2196217803514
20700,169,328,360,-4.48,-7.79,-0.04,38.97899999999999,-54.90149999999999,150.93000000000004,458.0858249999999,-576.303525,1637.091675,8.986439784475273,165.2676678701857,1795.0034897870426
20850,170,327,503,-5.28,-8.22,1.26,38.18699999999998,-56.1345,151.11900000000003,463.8138749999999,-584.7237,1659.759525,9.850604042392527,165.66919212771575,1819.8425197836295
21000,185,304,125,-4.17,-5.69,-1.05,37.56149999999999,-56.98799999999999,150.96150000000003,469.44809999999984,-593.2719,1682.40375,7.1321455397376745,165.67399587291908,1844.677598914586
21150,166,317,186,-5.94,-5.2,0.85,36.67049999999998,-57.76799999999999,151.08900000000006,474.9486749999999,-601.9371,1705.0671,7.940157429169777,165.86064426273646,1869.534255300789
21300,169,331,175,-6.86,-5.9,-0.32,35.641499999999986,-58.652999999999984,151.04100000000005,480.2948999999999,-610.73505,1727.7232499999998,9.05383896477069,165.9032085652656,1894.3885876068496
21450,188,336,330,-7.67,-6.94,-1.03,34.490999999999985,-59.69399999999999,150.88650000000004,485.4685499999999,-619.68915,1750.3562249999998,10.394873736606906,165.89074295827967,1919.2293427475192
21600,188,338,295,-6.49,-7.01,-3.51,33.517499999999984,-60.74549999999999,150.36000000000004,490.4961749999999,-628.800975,1772.910225,10.177440739203544,165.59458981651548,1944.013330653916
21750,164,327,299,-6.14,-6.78,-3.19,32.596499999999985,-61.76249999999998,149.88150000000005,495.3856499999999,-638.06535,1795.3924499999998,9.687316449874032,165.35296266093937,1968.747922567424
21900,172,316,209,-7.31,-8.32,-3.43,31.499999999999982,-63.01049999999998,149.36700000000005,500.1106499999999,-647.516925,1817.7975,11.594110573907772,165.14561392677072,1993.4333651795655
22050,176,355,429,-4.67,-5.32,-3.44,30.799499999999988,-63.80849999999998,148.85100000000003,504.73057499999993,-657.0882,1840.12515,7.870508242801096,164.8537353944399,2018.0630375638896
22200,173,282,96,-5.45,-7.44,-4.94,29.98199999999999,-64.92449999999998,148.11,509.2278749999999,-666.8268750000001,1862.34165,10.462298982537252,164.47091877973443,2042.617813303312
22350,187,324,156,-6.14,-11.66,-3.59,29.061,-66.67349999999998,147.5715,513.5870249999999,-676.8279000000001,1884.477375,13.65808551737761,164.52125982832732,2067.153263634231
22500,168,328,239,-8.41,-11.83,-3.3,27.79949999999999,-68.44799999999998,147.07650000000004,517.75695,-687.0951000000001,1906.53885,14.885126804968776,164.58869267510454,2091.664964155741
22650,191,351,424,-9.82,-10.3,-3.73,26.326499999999992,-69.99299999999998,146.51700000000002,521.705925,-697.5940500000002,1928.5164,14.71174020977804,164.49722167942534,2116.1261861818325
22800,167,328,424,-7.41,-4.8,-1.26,25.215,-70.71299999999998,146.32800000000003,525.488175,-708.2010000000001,1950.4656,8.918278981956105,164.46278660535947,2140.561266408694
22950,172,336,280,-8.89,-4.05,-1.91,23.8815,-71.32049999999998,146.04150000000004,529.0704,-718.8990750000002,1972.371825,9.954029334897502,164.27129842047884,2164.9438755417764
23100,169,335,316,-9.98,-4.07,-1.39,22.3845,-71.93099999999998,145.83300000000003,532.428075,-729.6887250000001,1994.246775,10.867262764836417,164.1413978563909,2189.2796737827334
23250,174,323,78,-10.0,-2.15,-1.51,20.8845,-72.25349999999997,145.60650000000004,535.56075,-740.52675,2016.08775,10.339371354197509,163.8840548825602,2213.552574506914
23400,174,349,283,-10.79,-1.67,3.13,19.266,-72.50399999999998,146.07600000000002,538.45065,-751.40235,2037.99915,11.358252506437774,164.21390485583126,2237.8505601294446
23550,194,342,153,-8.14,1.69,1.58,18.045,-72.25049999999999,146.31300000000005,541.1574,-762.239925,2059.9461,8.462393278499883,164.17445216674247,2262.131510267247
23700,191,340,168,-6.22,-1.58,1.6,17.112,-72.48749999999998,146.55300000000005,543.7242,-773.11305,2081.92905,6.61398518292867,164.39294391563774,2286.431359778781
23850,170,324,254,-10.27,0.32,1.72,15.5715,-72.43949999999998,146.81100000000004,546.059925,-783.9789750000001,2103.9507,10.41795085417473,164.44884460980566,2310.716993264979
24000,190,336,200,-9.65,0.63,-0.75,14.124,-72.34499999999998,146.69850000000005,548.178525,-794.8307250000001,2125.955475,9.69958246524045,164.1759309498503,2334.939454966162
24150,172,339,210,-9.25,1.79,0.99,12.7365,-72.07649999999998,146.84700000000004,550.089,-805.6422000000001,2147.982525,9.473473491808589,164.07706022933252,2359.1282690958574
24300,170,340,266,-8.36,2.77,-1.2,11.4825,-71.66099999999999,146.66700000000003,551.811375,-816.3913500000002,2169.982575,8.888335052190595,163.64093502620304,2383.2362463125314
24450,189,344,466,-7.87,2.58,1.72,10.301999999999998,-71.27399999999999,146.92500000000004,553.356675,-827.0824500000002,2192.021325,8.45882379530393,163.62478389596123,2407.3276632232296
24600,168,326,190,-12.05,-0.9,0.1,8.494499999999999,-71.40899999999998,146.94000000000003,554.63085,-837.7938000000001,2214.062325,12.083976994350826,163.59329268417457,2431.375291902624
24750,188,318,239,-10.36,0.45,-0.56,6.940499999999999,-71.34149999999998,146.85600000000005,555.671925,-848.495025,2236.090725,10.384878429716933,163.41500818009345,2455.3649069158705
24900,169,333,336,-7.92,1.54,-0.98,5.752499999999999,-71.11049999999997,146.70900000000006,556.5348,-859.1616,2258.097075,8.127631881427702,163.13591004895278,2479.292648851514
25050,167,323,653,-10.29,3.32,-0.23,4.208999999999999,-70.61249999999998,146.67450000000005,557.16615,-869.7534750000001,2280.09825,10.814776927888987,162.84117964292696,2503.148668304274
25200,172,326,147,-9.33,0.32,0.6,2.8094999999999994,-70.56449999999998,146.76450000000006,557.587575,-880.3381500000002,2302.1129249999994,9.354747457841928,162.87130014446993,2526.979042570764
25350,170,334,156,-7.77,-2.0,0.37,1.6439999999999997,-70.86449999999998,146.82000000000005,557.834175,-890.9678250000001,2324.135925,8.03179930028135,163.03555592646046,2550.8058393101514
25500,178,329,146,-9.26,-7.96,2.8,0.2549999999999996,-72.05849999999998,147.24000000000004,557.872425,-901.7766,2346.2219249999994,12.52793678144969,163.92714859732664,2574.7194022327258
25650,170,329,222,-5.78,-8.42,1.06,-0.6120000000000004,-73.32149999999999,147.39900000000003,557.780625,-912.774825,2368.331775,10.267833267052984,164.62952987617382,2598.7059285832675
25800,183,308,291,-2.17,-11.63,1.07,-0.9375000000000004,-75.06599999999997,147.55950000000004,557.64,-924.034725,2390.4657,11.879002483373764,165.55841658611018,2622.809334565194
25950,189,332,184,-4.8,-7.92,0.49,-1.6575000000000004,-76.25399999999998,147.63300000000004,557.391375,-935.472825,2412.610649999999,9.273968945386867,166.17136489554994,2646.976520434454
26100,170,336,207,-3.49,-8.97,0.61,-2.1810000000000005,-77.59949999999999,147.72450000000006,557.064225,-947.11275,2434.769325,9.644329940436505,166.88009785921153,2671.225332679437
26250,172,339,223,-3.2,-11.19,0.93,-2.661,-79.27799999999999,147.86400000000003,556.665075,-959.00445,2456.9489249999992,11.675658439676967,167.79703424375535,2695.5822304101966
26400,170,333,372,0.93,-9.24,-2.82,-2.5215,-80.664,147.44100000000003,556.28685,-971.10405,2479.0650749999995,9.705405710221497,168.0829775416,2719.974592067741
26550,176,337,87,-2.33,-8.42,-3.35,-2.871,-81.92699999999999,146.93850000000003,555.8562,-983.3931,2501.1058499999995,9.356698135560428,168.25931995657777,2744.3703425577005
26700,170,343,287,-3.41,-11.44,0.92,-3.3825,-83.643,147.07650000000004,555.3488249999999,-995.93955,2523.1673249999994,11.97280668849205,169.23087663750965,2768.877255248188
26850,166,318,254,-1.81,-5.57,-2.72,-3.654,-84.47850000000001,146.66850000000002,554.8007249999999,-1008.611325,2545.1676,6.457507258997082,169.29742340183446,2793.3812416976925
27000,174,325,287,-0.64,-8.37,-1.36,-3.75,-85.73400000000001,146.46450000000002,554.2382249999999,-1021.4714250000002,2567.137274999999,8.503887346384593,169.75344183918628,2817.938549868876
27150,176,344,295,2.44,-9.83,-1.35,-3.384,-87.20850000000002,146.26200000000003,553.7306249999999,-1034.5527000000002,2589.0765749999987,10.217876491717837,170.3213039295144,2842.575312169214
27300,192,350,298,4.94,-8.25,1.62,-2.643,-88.44600000000001,146.50500000000002,553.334175,-1047.8196,2611.052324999999,9.75143579171806,171.15313432712827,2867.3504960599066
27450,168,338,338,2.01,-9.16,-1.75,-2.3414999999999995,-89.82000000000001,146.2425,552.98295,-1061.2926,2632.988699999999,9.539821801270714,171.63910926272018,2892.1897621237003
27600,155,314,255,5.67,-9.17,-6.57,-1.4909999999999997,-91.1955,145.257,552.7592999999999,-1074.971925,2654.777249999999,12.625478208765005,171.51804088856076,2917.0104097161284
27750,168,327,198,1.86,-10.24,-1.89,-1.2119999999999995,-92.7315,144.9735,552.5775,-1088.88165,2676.523274999999,10.577773867879763,172.0985640221905,2941.9010831144024
27900,188,331,172,3.58,-7.96,-1.49,-0.6749999999999997,-93.9255,144.75,552.4762499999999,-1102.970475,2698.235774999999,8.85427015625794,172.55439048384136,2966.858637182708
28050,188,336,191,4.53,-5.92,-1.58,0.0045000000000003,-94.8135,144.513,552.4769249999999,-1117.1925,2719.912724999999,7.619954068103036,172.83983039652637,2991.8681565755246
28200,166,315,155,3.38,-9.3,-3.33,0.5115000000000003,-96.2085,144.0135,552.55365,-1131.623775,2741.51475,10.440464549051445,173.19418375554648,3016.917471317559
28350,171,314,130,2.0,-9.47,-3.64,0.8115000000000002,-97.629,143.4675,552.6753749999999,-1146.268125,2763.034874999999,10.340720477800376,173.53675037149912,3041.9964505220364
28500,177,326,164,1.56,-9.35,-3.09,1.0455000000000003,-99.0315,143.004,552.8322,-1161.12285,2784.485474999999,9.970165495115916,173.94963374063195,3067.114128074619
28650,172,342,214,2.43,-9.35,-2.8,1.4100000000000004,-100.434,142.584,553.0437,-1176.18795,2805.873074999999,10.058200634308305,174.41093289126115,3092.2805727884465
28800,200,368,335,-1.08,-9.3,-0.19,1.2480000000000002,-101.829,142.5555,553.2308999999999,-1191.4623,2827.256399999999,9.36442737170832,175.19353105993952,3117.535179011947
28950,196,365,134,0.39,-8.01,2.75,1.3065000000000004,-103.0305,142.968,553.426875,-1206.916875,2848.701599999999,8.477894785853385,176.2295091535467,3142.933415612648
29100,187,343,524,-3.79,-11.55,0.9,0.7380000000000003,-104.763,143.10299999999998,553.537575,-1222.631325,2870.1670499999987,12.189200137826928,177.35359996910125,3168.45231914792
29250,186,332,112,-13.42,-9.72,-0.58,-1.2749999999999997,-106.221,143.016,553.3463249999999,-1238.564475,2891.619449999999,16.58044631486137,178.15190911691067,3194.009573833699
29400,209,389,416,-12.44,-6.55,-14.45,-3.141,-107.2035,140.84849999999997,552.8751749999999,-1254.6449999999998,2912.7467249999986,20.16081843576793,177.03320661813703,3219.300936407545
29550,175,349,349,-6.22,-5.71,-3.42,-4.073999999999999,-108.06,140.3355,552.2640749999999,-1270.8539999999998,2933.7970499999988,9.10982436713244,177.1654978720462,3244.5694057055243
29700,188,330,420,-6.19,-6.11,-0.12,-5.002499999999999,-108.9765,140.3175,551.5136999999999,-1287.200475,2954.844674999999,8.698425144817882,177.73548707208136,3269.886768300053
29850,174,321,192,-7.77,-5.64,-1.5,-6.167999999999998,-109.8225,140.09249999999997,550.5884999999998,-1303.67385,2975.858549999999,9.717638602047307,178.11494683630565,3295.215821932483
30000,185,337,387,-5.38,-3.67,-4.68,-6.974999999999999,-110.373,139.3905,549.5422499999999,-1320.2297999999998,2996.767124999999,8.019706977190625,177.93414861754334,3320.4843940039627
30150,159,336,695,-7.71,-0.24,3.39,-8.131499999999999,-110.409,139.899,548.3225249999999,-1336.7911499999998,3017.751974999999,8.425781862830297,178.40403239346918,3345.81756118846
30300,182,312,350,-3.53,1.71,2.02,-8.661,-110.1525,140.202,547.0233749999999,-1353.314025,3038.782275,4.411961015240276,178.50822664866178,3371.1854202805675
30450,212,381,295,-8.95,-6.0,1.26,-10.0035,-111.05249999999998,140.391,545.52285,-1369.9718999999998,3059.8409249999995,10.848506809695056,179.28290674099412,3396.622539077103
30600,165,339,408,-6.68,-7.02,-6.96,-11.0055,-112.10549999999998,139.34699999999998,543.8720249999999,-1386.7877249999997,3080.742975,11.930817239401495,179.18245050646,3421.9810419989367
30750,175,325,693,-9.82,-4.58,-1.16,-12.4785,-112.7925,139.17299999999997,542.0002499999998,-1403.7065999999998,3101.618925,10.897449242827424,179.57445516414631,3447.34629038073
30900,188,333,669,-11.76,-4.44,-1.19,-14.2425,-113.4585,138.9945,539.8638749999999,-1420.7253749999998,3122.4681,12.62645239170528,179.98653021476355,3472.710847481621
31050,182,338,82,-11.31,-3.28,-5.84,-15.939,-113.9505,138.11849999999998,537.4730249999999,-1437.81795,3143.185875,13.144584436185117,179.76509175448942,3497.9730065774334
31200,175,346,100,-11.33,0.19,1.33,-17.6385,-113.92199999999998,138.31799999999998,534.8272499999999,-1454.90625,3163.933575,11.409377721856702,180.05890116917294,3523.2468052414247
31350,171,364,567,-10.8,-1.58,-0.61,-19.2585,-114.159,138.2265,531.9384749999999,-1472.0301,3184.66755,10.931994328575184,180.3045545888955,3548.512161528313
31500,178,323,697,-9.78,-2.38,-5.0,-20.7255,-114.516,137.4765,528.8296499999999,-1489.2074999999998,3205.289025,11.238896743008183,180.12009509907548,3573.6924196915465
31650,165,326,629,-7.54,-1.04,-3.53,-21.8565,-114.67199999999998,136.94699999999995,525.551175,-1506.4082999999998,3225.831075,8.390119188664723,179.94959012248398,3598.813155512304
31800,200,342,74,-10.69,-0.93,-2.89,-23.46,-114.81149999999998,136.5135,522.0321749999999,-1523.630025,3246.3081,11.11274493543337,179.9110552870501,3623.876698363555
31950,169,321,230,0.23,3.87,0.04,-23.425500000000003,-114.23099999999998,136.51949999999997,518.5183499999999,-1540.764675,3266.786025,3.877034949545851,179.5412189206144,3648.9324460929497
32100,183,333,60,-4.51,-3.1,-5.64,-24.102,-114.69599999999998,135.6735,514.90305,-1557.9690749999995,3287.13705,7.858733994734775,179.28574238418958,3673.916544375819
32250,167,331,630,-1.0,-7.0,-7.44,-24.252,-115.74599999999998,134.55749999999998,511.26525,-1575.3309749999996,3307.3206749999995,10.264190177505482,179.13965732425075,3698.841694900508
32400,163,307,497,-0.56,-6.75,-8.32,-24.336,-116.75849999999996,133.30949999999996,507.61485,-1592.8447499999995,3327.3171,10.728396897952647,178.87484733326812,3723.6898793395103
32550,171,334,410,-1.81,-11.61,-0.05,-24.6075,-118.49999999999996,133.30199999999996,503.923725,-1610.6197499999996,3347.3124,11.75034893098924,180.04777771538858,3748.671151608487
32700,175,351,145,10.22,-2.24,-13.03,-23.0745,-118.83599999999998,131.34749999999997,500.46255,-1628.4451499999996,3367.014525,16.710682212285647,178.6241674648198,3773.470972734784
32850,171,341,219,3.71,-6.22,-2.02,-22.518,-119.76899999999998,131.04449999999997,497.08485,-1646.4104999999995,3386.6712,7.518836346137611,178.95344273092368,3798.328935139664
33000,189,339,189,3.53,-10.1,0.4,-21.9885,-121.284,131.10449999999997,493.786575,-1664.6030999999996,3406.3368749999995,10.706582087669249,179.94913922689375,3823.330951953362
33150,188,323,181,3.67,-10.68,2.82,-21.438,-122.88599999999998,131.52749999999995,490.570875,-1683.0359999999996,3426.066,11.6397465608148,181.273384963844,3848.531953492171
33300,170,336,217,4.05,-6.93,0.96,-20.8305,-123.92549999999996,131.67149999999998,487.4463,-1701.6248249999996,3445.816725,8.08387283422989,182.0132500472149,3873.8590375399176
33450,172,344,269,6.49,-5.64,-0.19,-19.857,-124.77149999999996,131.64299999999997,484.46775,-1720.3405499999997,3465.563175,8.600337202691533,182.46124824260625,3899.2831044540026
33600,190,342,233,8.11,-8.48,-1.08,-18.6405,-126.04349999999997,131.48099999999997,481.671675,-1739.2470749999995,3485.285325,11.783416312767704,183.08928284719448,3924.818694800272
33750,170,342,240,7.96,-7.46,1.17,-17.4465,-127.16249999999998,131.65649999999997,479.0547,-1758.3214499999997,3505.0338,10.971877687980305,183.8698337431945,3950.499926118799
33900,170,342,219,7.42,-3.74,2.28,-16.3335,-127.72349999999996,131.99849999999995,476.60467499999993,-1777.4799749999995,3524.833575,8.61640296179328,184.40086680043007,3976.30969734566
34050,172,330,216,6.05,-5.75,3.18,-15.426,-128.58599999999998,132.47549999999995,474.290775,-1796.7678749999995,3544.7049,8.931819523478964,185.2621898074456,4002.2817696866528
34200,189,338,191,6.64,-2.86,1.43,-14.43,-129.015,132.68999999999994,472.126275,-1816.120125,3564.6084,7.369810038257431,185.6333246618181,4028.3530844907264
34350,190,327,207,5.47,-8.03,-2.0,-13.6095,-130.21949999999998,132.38999999999996,470.08485,-1835.65305,3584.4669,9.919768142451716,186.1973382476237,4054.5042660440554
34500,177,346,188,9.39,-5.49,0.46,-12.201,-131.04299999999998,132.45899999999995,468.2547,-1855.3095,3604.33575,10.886863643859972,186.7257853939835,4080.768555504025
34650,174,337,319,5.28,-7.3,1.03,-11.409,-132.13799999999998,132.61349999999996,466.5433499999999,-1875.1302,3624.227775,9.068037273853696,187.55520975768704,4107.164828621164
34800,177,304,131,7.32,-8.94,-1.25,-10.311000000000002,-133.47899999999998,132.42599999999996,464.9966999999999,-1895.1520499999992,3644.091675,11.621897435444868,188.30721079661285,4133.669962567694
34950,188,333,184,4.59,-9.22,-0.2,-9.6225,-134.862,132.39599999999993,463.5533249999999,-1915.3813499999992,3663.951075,10.301286327444744,189.2327993933662,4160.301056539061
35100,198,368,382,5.0,-8.01,1.14,-8.8725,-136.06349999999998,132.56699999999995,462.2224499999999,-1935.7908749999992,3683.836125,9.511030438390994,190.1736227175051,4187.07350077262
35250,171,322,289,4.5,-8.38,1.72,-8.1975,-137.32049999999998,132.82499999999993,460.9928249999999,-1956.388949999999,3703.759875,9.666064349051274,191.22395077892304,4214.0015804510085
35400,173,338,191,4.74,-8.11,1.16,-7.4865,-138.53699999999998,132.99899999999994,459.86984999999993,-1977.1694999999995,3723.709725,9.464951135637204,192.190743929696,4241.072226068409
35550,172,342,205,3.99,-9.54,0.09,-6.888,-139.968,133.01249999999993,458.8366499999999,-1998.1647,3743.6616,10.34117014655498,193.2118286344032,4268.277804340279
35700,190,331,192,4.45,-9.89,0.65,-6.2205,-141.45149999999998,133.10999999999993,457.90357499999993,-2019.382425,3763.6281,10.86448802291208,194.3334597348073,4295.634707177307
35850,171,341,214,5.54,-7.88,2.79,-5.3895,-142.63349999999997,133.52849999999992,457.09514999999993,-2040.7774499999991,3783.657375,10.02846448864431,195.45644615808908,4323.166860991362
36000,170,325,182,3.59,-9.4,-0.23,-4.851,-144.04349999999997,133.49399999999994,456.3674999999999,-2062.383975,3803.681475,10.064839790081113,196.4502739352887,4350.826555799625
36150,190,325,192,3.76,-8.03,0.94,-4.287000000000001,-145.24799999999996,133.63499999999993,455.72444999999993,-2084.171174999999,3823.726725,8.916395011438198,197.4175096033783,4378.6231087532415
36300,190,340,217,5.03,-5.77,-0.53,-3.5325000000000006,-146.11349999999996,133.55549999999994,455.19457499999993,-2106.0881999999992,3843.760049999999,7.672985077530127,197.9866283837117,4406.506658257157
36450,172,325,197,4.4,-8.98,0.56,-2.872500000000001,-147.46049999999997,133.63949999999994,454.7637,-2128.207274999999,3863.8059749999993,10.015687694811575,199.02855643537683,4434.531862626122
36600,190,325,196,5.38,-7.28,0.69,-2.065500000000001,-148.55249999999995,133.74299999999994,454.4538749999999,-2150.4901499999987,3883.867424999999,9.07848555652318,199.89822809494828,4462.68555745592
36750,190,325,199,4.87,-8.17,0.89,-1.3350000000000009,-149.77799999999996,133.87649999999994,454.253625,-2172.956849999999,3903.948899999999,9.552900083220802,200.8933765987569,4490.980387576722
36900,172,323,212,5.45,-8.06,1.13,-0.5175000000000008,-150.98699999999994,134.04599999999994,454.17599999999993,-2195.604899999999,3924.055799999999,9.79504977016452,201.9051066497576,4519.421493664166
37050,170,339,215,5.6,-7.47,1.2,0.3224999999999991,-152.10749999999996,134.22599999999994,454.224375,-2218.4210249999987,3944.189699999999,9.41280510793674,202.8630440432657,4548.004399359379
37200,171,327,199,5.38,-7.9,1.47,1.129499999999999,-153.29249999999996,134.44649999999996,454.3938,-2241.414899999999,3964.356674999998,9.67033091471021,203.9012694633115,4576.738830874828
37350,190,342,182,5.81,-6.9,1.53,2.000999999999999,-154.32749999999996,134.67599999999996,454.69395,-2264.5640249999988,3984.558074999998,9.14915296625868,204.83799997375968,4605.616122142454
37500,190,343,208,6.34,-7.92,1.57,2.951999999999998,-155.51549999999995,134.91149999999996,455.13675,-2287.8913499999985,4004.794799999998,10.265812193879254,205.9002133959554,4634.649682631083
37650,190,344,219,6.3,-7.88,1.22,3.896999999999999,-156.69749999999996,135.09449999999995,455.7213,-2311.3959749999985,4025.0589749999976,10.162322569176792,206.9294977655433,4663.83243789353
37800,189,345,271,5.15,-7.37,1.2,4.669499999999999,-157.80299999999997,135.27449999999996,456.421725,-2335.0664249999986,4045.3501499999975,9.070799303258784,207.900893190722,4693.156063494933
37950,189,344,289,5.72,-7.5,1.37,5.527499999999999,-158.92799999999997,135.47999999999996,457.25085,-2358.9056249999985,4065.6721499999976,9.531280081919745,208.9102506825598,4722.626824000385
38100,190,348,363,6.05,-5.73,3.63,6.434999999999999,-159.78749999999997,136.02449999999996,458.2161,-2382.873749999999,4086.0758249999976,9.08913087154102,209.943132732414,4752.269452628679
38250,173,347,356,4.18,-6.3,7.59,7.061999999999999,-160.73249999999996,137.16299999999998,459.27539999999993,-2406.9836249999985,4106.650274999997,10.71309945814002,211.42019054302733,4782.162747671899
38400,189,347,400,4.15,-3.47,9.07,7.684499999999998,-161.25299999999996,138.52349999999998,460.4280749999999,-2431.171574999999,4127.428799999998,10.560695999790925,212.7212767954818,4812.3027479997145
38550,190,328,210,3.24,-4.82,6.0,8.170499999999999,-161.97599999999994,139.4235,461.65365,-2455.4679749999987,4148.342324999998,8.350449089719666,213.8735467478388,4842.642988513123
38700,186,335,176,4.37,-2.84,7.51,8.825999999999999,-162.40199999999993,140.54999999999998,462.97755,-2479.828274999999,4169.424824999997,9.141258119099362,214.95722918757576,4873.191957702849
38850,190,327,109,2.32,-10.97,4.43,9.173999999999998,-164.04749999999993,141.21449999999996,464.35365,-2504.435399999999,4190.606999999997,12.056044127324684,216.65013164662503,4903.978794151791
39000,203,353,500,3.28,-3.24,5.76,9.665999999999997,-164.53349999999995,142.07849999999996,465.80355,-2529.115424999999,4211.918774999997,7.377912984035526,217.6028592194964,4934.942506996713
39150,168,338,314,6.22,-3.2,7.96,10.598999999999997,-165.01349999999994,143.27249999999998,467.3934,-2553.86745,4233.409649999997,10.59669759878048,218.7894038556255,4966.130566874593
39300,155,294,155,4.32,-2.72,8.26,11.246999999999998,-165.42149999999995,144.51149999999998,469.08045,-2578.680674999999,4255.086374999997,9.710221418690718,219.9416770498488,4997.5384491668765
39450,168,322,145,2.55,-1.93,6.84,11.629499999999998,-165.71099999999996,145.53749999999997,470.824875,-2603.537325,4276.916999999997,7.55069533221941,220.85412538030613,5029.125340501655
39600,176,337,162,2.3,2.47,7.99,11.974499999999995,-165.34049999999996,146.736,472.62105,-2628.338399999999,4298.927399999997,8.673580575517818,221.3872699287382,5060.860617749553
39750,188,340,82,5.15,5.52,7.26,12.746999999999998,-164.51249999999996,147.825,474.53309999999993,-2653.015275,4321.101149999997,10.473800647329508,221.53798611129872,5092.699368793551
39900,168,338,165,6.33,4.92,10.18,13.6965,-163.77449999999996,149.35199999999998,476.5875749999999,-2677.581449999999,4343.503949999997,12.957920357835205,222.07138687030343,5124.70532827928
40050,193,373,684,3.74,1.29,8.42,14.257499999999997,-163.58099999999996,150.61499999999995,478.7262,-2702.118599999999,4366.096199999997,9.303123131508045,222.81583896179816,5156.880814085857
40200,170,335,410,4.23,2.84,8.62,14.891999999999998,-163.15499999999997,151.90799999999996,480.9599999999999,-2726.5918499999984,4388.882399999997,10.013136371786814,223.42194644439024,5189.211342691309
40350,175,348,412,3.39,2.16,8.6,15.400499999999996,-162.83099999999996,153.19799999999998,483.270075,-2751.0164999999984,4411.862099999998,9.493034288361123,224.09983749492096,5221.701728180109
40500,173,352,504,3.3,2.49,8.89,15.895499999999997,-162.45749999999995,154.53149999999997,485.6544,-2775.3851249999984,4435.0418249999975,9.80419298055684,224.77786972642565,5254.352365212094
40650,191,350,475,4.58,2.18,9.62,16.582499999999996,-162.13049999999996,155.97449999999995,488.141775,-2799.7046999999984,4458.437999999997,10.875348270285416,225.58661969795543,5287.182444321948
40800,193,339,549,4.25,1.65,8.6,17.219999999999995,-161.88299999999992,157.26449999999994,490.7247749999999,-2823.9871499999986,4482.0276749999975,9.733704330829038,226.3509599035311,5320.177281597842
40950,171,345,625,2.39,1.92,7.78,17.5785,-161.5949999999999,158.43149999999994,493.36155,-2848.226399999998,4505.7923999999975,8.362230563671394,226.9856556690311,5353.313403544864
41100,171,342,382,2.94,-0.04,7.47,18.0195,-161.6009999999999,159.55199999999994,496.0644749999999,-2872.4665499999987,4529.725199999997,8.027832833336777,227.80787142952272,5386.608806265862
41250,172,327,282,3.01,0.45,8.87,18.471,-161.53349999999992,160.8824999999999,498.835125,-2896.6965749999986,4553.857574999997,9.377606304382796,228.7300335974704,5420.083610326999
41400,190,328,250,2.6,-0.2,9.32,18.861,-161.56349999999992,162.2804999999999,501.6642749999999,-2920.931099999999,4578.199649999998,9.677933663752816,229.7682800856113,5453.752613661403
41550,172,341,193,3.25,-0.63,10.07,19.3485,-161.65799999999993,163.7909999999999,504.5665499999999,-2945.1797999999985,4602.768299999998,10.600202828248149,230.94407352701205,5487.635873597283
41700,171,331,214,2.96,-1.48,11.3,19.7925,-161.87999999999994,165.4859999999999,507.5354249999999,-2969.4617999999987,4627.591199999998,11.77463375226593,232.34133005612657,5521.765650913355
41850,171,328,232,3.82,-1.39,8.89,20.3655,-162.08849999999995,166.81949999999992,510.5902499999999,-2993.775074999999,4652.614124999998,9.775305621820731,233.48700392687803,5556.096633360134
42000,173,327,228,2.97,-0.97,8.16,20.811,-162.23399999999995,168.0434999999999,513.7118999999999,-3018.110175,4677.820649999998,8.737699926181946,234.50284938407447,5590.607746766585
42150,190,343,233,3.17,-2.35,8.91,21.2865,-162.58649999999994,169.37999999999994,516.904875,-3042.4981499999994,4703.227649999998,9.7447165171697,235.74789387076177,5625.329854353137
42300,192,349,221,1.98,-1.26,7.35,21.5835,-162.77549999999994,170.48249999999993,520.1424,-3066.914474999999,4728.800024999998,7.715601078334727,236.69810662265544,5660.21750374332
42450,170,345,394,3.5,-0.31,7.77,22.108499999999992,-162.82199999999992,171.6479999999999,523.458675,-3091.3377749999995,4754.5472249999975,8.527543608800837,237.6190761707695,5695.269751146988
42600,170,326,245,3.3,-1.61,8.4,22.6035,-163.06349999999992,172.90799999999993,526.8492,-3115.7973,4780.483424999998,9.16744784550204,238.7421196783256,5730.513473583989
42750,173,336,451,0.75,-3.38,9.61,22.716,-163.57049999999992,174.34949999999992,530.2565999999999,-3140.332875,4806.635849999998,10.214646347279968,240.1438595436076,5765.987410856404
42900,168,336,316,-0.13,-3.11,7.85,22.6965,-164.03699999999992,175.5269999999999,533.661075,-3164.938425,4832.964899999997,8.444613667895057,241.31513879209888,5801.653135240302
43050,191,343,206,0.78,-1.17,8.86,22.8135,-164.21249999999992,176.85599999999988,537.0831,-3189.5703,4859.493299999997,8.970891817428186,242.413377672314,5837.507352260258
43200,190,346,210,0.11,-3.31,8.36,22.83,-164.70899999999992,178.10999999999987,540.5076,-3214.27665,4886.209799999998,8.992096529730983,243.6666486842217,5873.5652765598
43350,171,345,216,0.52,-2.98,8.49,22.908,-165.15599999999992,179.38349999999988,543.9438,-3239.0500499999994,4913.117324999997,9.012818649013193,244.90757618385337,5909.8258801066695
43500,190,348,242,0.57,-2.49,8.17,22.9935,-165.52949999999993,180.6089999999999,547.392825,-3263.879475,4940.208674999997,8.56001752334655,246.065697108516,5946.2769767925365
43650,191,332,183,0.96,-3.06,9.15,23.1375,-165.9884999999999,181.9814999999999,550.86345,-3288.77775,4967.505899999997,9.69575680388076,247.39602337295145,5982.944467064336
43800,171,343,203,0.73,-3.39,9.21,23.247,-166.49699999999993,183.36299999999991,554.3504999999999,-3313.7523,4995.010349999997,9.84119403324617,248.7642735342033,6019.832819872378
43950,172,330,202,0.52,-3.61,8.86,23.325,-167.0384999999999,184.6919999999999,557.8492499999999,-3338.8080749999995,5022.714149999997,9.581341242226998,250.1140759158707,6056.937557876997
44100,171,343,201,2.18,-2.66,9.66,23.652,-167.43749999999991,186.1409999999999,561.3970499999999,-3363.9237,5050.635299999998,10.25395533440633,251.48201802763143,6094.265028760767
44250,170,345,197,-0.15,-3.17,9.31,23.6295,-167.91299999999993,187.53749999999988,564.9414749999999,-3389.110649999999,5078.765924999998,9.836030703490104,252.83085797722543,6131.809943977363
44400,189,333,215,2.11,-3.16,9.3,23.946,-168.38699999999994,188.9324999999999,568.5333749999999,-3414.368699999999,5107.105799999998,10.046277917716592,254.21070441909,6169.576441735867
44550,171,343,217,1.19,-3.15,9.13,24.1245,-168.85949999999997,190.3019999999999,572.1520499999999,-3439.697624999999,5135.651099999998,9.731161287328456,255.5589431902158,6207.559096833556
44700,171,347,240,2.19,-3.04,10.49,24.453,-169.31549999999996,191.8754999999999,575.8199999999998,-3465.0949499999992,5164.432424999999,11.139021501011658,257.06399057335886,6245.783694405921
44850,190,346,194,1.52,-4.34,9.41,24.681,-169.96649999999994,193.28699999999992,579.5221499999999,-3490.589924999999,5193.425474999998,10.473495118631602,258.5684188996211,6284.244752651752
45000,190,347,193,1.03,-2.96,8.87,24.835500000000003,-170.41049999999996,194.6174999999999,583.2474749999999,-3516.151499999999,5222.618099999999,9.407411971419132,259.8701827389013,6322.913790847833
45150,172,331,178,1.61,-4.12,8.09,25.077000000000005,-171.02849999999992,195.83099999999988,587.009025,-3541.805775,5251.992749999999,9.220336219466184,261.2075502397469,6361.791853660991
45300,191,346,182,2.01,-4.46,8.12,25.378500000000003,-171.69749999999993,197.04899999999984,590.8157999999999,-3567.560399999999,5281.550099999998,9.479773204038164,262.58790560400894,6400.8844682581
45450,171,346,188,3.13,-3.97,7.59,25.848000000000003,-172.29299999999995,198.18749999999983,594.6929999999999,-3593.40435,5311.278224999998,9.119533979321533,263.8773997697604,6440.177867901402
45600,171,336,280,3.85,-3.91,8.15,26.425500000000003,-172.87949999999995,199.40999999999988,598.6568249999999,-3619.336274999999,5341.189724999998,9.825125953391131,265.23570021869216,6479.68307435599
45750,188,330,292,1.91,-0.98,10.01,26.712,-173.02649999999997,200.91149999999988,602.6636249999999,-3645.290249999999,5371.326449999999,10.237607142296484,266.4903965971381,6519.393551866062
45900,172,342,251,-0.45,-2.56,6.84,26.644500000000004,-173.41049999999996,201.93749999999983,606.6602999999999,-3671.301824999999,5401.617074999999,7.31721941723767,267.50679392634106,6559.26526638281
46050,172,334,325,-0.32,-3.15,8.73,26.5965,-173.88299999999995,203.24699999999987,610.6497749999999,-3697.384275,5432.104124999999,9.286430961354316,268.79734840628527,6599.340789015736
46200,189,344,271,-1.29,-2.25,9.08,26.40300000000001,-174.22049999999996,204.60899999999984,614.6102249999998,-3723.517349999999,5462.795474999999,9.44314566233096,270.02730215711506,6639.613059968633
46350,190,346,216,0.31,-2.01,8.72,26.449500000000004,-174.52199999999996,205.91699999999983,618.5776499999998,-3749.69565,5493.683024999999,8.954027026986239,271.21820629015656,6680.075520222926
46500,190,352,285,-6.84,-6.02,9.24,25.423500000000004,-175.42499999999995,207.30299999999983,622.3911749999997,-3776.0094,5524.778474999999,12.977041265249948,272.7541361487483,6720.7733901262845
46650,190,349,203,-1.84,-1.7,9.59,25.147500000000004,-175.67999999999998,208.74149999999983,626.1632999999998,-3802.3613999999993,5556.089699999999,9.911796002743396,273.9869941776432,6761.668836087946
46800,190,348,188,-1.58,-1.1,8.83,24.910500000000003,-175.84499999999994,210.06599999999983,629.8998749999997,-3828.73815,5587.599599999999,9.037438796473255,275.0812996029536,6802.740548022583
46950,191,337,231,-3.79,-7.03,9.97,24.342,-176.89949999999996,211.56149999999985,633.5511749999997,-3855.273075,5619.333824999999,12.774423666060242,276.84695112372094,6844.079938965716
47100,193,359,456,-3.51,-2.49,7.51,23.815500000000004,-177.27299999999994,212.68799999999985,637.1234999999997,-3881.864025,5651.237024999999,8.65565133308869,277.90120531089804,6885.584548574819
47250,170,343,275,-1.4,-2.15,8.62,23.605500000000003,-177.59549999999996,213.98099999999985,640.6643249999996,-3908.50335,5683.334174999999,8.99371447178528,279.0792891124311,6927.27482918152
47400,190,345,193,-3.18,-5.0,10.83,23.128500000000003,-178.34549999999996,215.6054999999998,644.1335999999995,-3935.2551749999993,5715.674999999998,12.345092142223969,280.7628474580458,6969.223923267082
47550,191,347,178,-2.49,-3.28,7.9,22.755000000000003,-178.83749999999995,216.7904999999998,647.5468499999996,-3962.0808,5748.193574999999,8.908900044337685,281.95524879225053,7011.357255506586
47700,192,356,387,-1.61,-2.41,7.82,22.5135,-179.19899999999998,217.9634999999998,650.9238749999996,-3988.96065,5780.888099999999,8.33982014194551,283.0675301328287,7053.66402538532
47850,188,342,165,-1.24,-0.27,11.76,22.3275,-179.23949999999996,219.72749999999985,654.2729999999997,-4015.846575,5813.847224999999,11.828275444882063,284.43890358519866,7096.19027564146
48000,171,351,328,-1.7,-2.32,12.02,22.0725,-179.58749999999995,221.53049999999985,657.5838749999997,-4042.7847,5847.076799999999,12.359320369664346,286.0325643047482,7138.965736597447
48150,170,352,343,-2.28,-2.59,11.18,21.7305,-179.97599999999994,223.2074999999998,660.8434499999996,-4069.7811,5880.557924999998,11.700380335698494,287.55027953820513,7181.977010308889
48300,172,346,249,0.18,-2.47,7.77,21.7575,-180.3465,224.37299999999985,664.1070749999996,-4096.833075,5914.213874999999,8.155133352680384,288.6892654698126,7225.1647185874945
48450,174,350,281,-1.87,-9.73,10.92,21.477,-181.80599999999995,226.01099999999985,667.3286249999995,-4124.103975,5948.115524999998,14.745039843961088,290.8533226318722,7268.675215546585
48600,171,352,282,-2.02,-2.2,9.8,21.174,-182.136,227.48099999999985,670.5047249999996,-4151.424375,5982.237674999999,10.245018301594197,292.1805368825924,7312.391436991106
48750,190,350,233,-0.87,-2.06,8.77,21.0435,-182.445,228.7964999999998,673.6612499999995,-4178.791125,6016.557149999998,9.050602189909796,293.38855691642084,7356.294902010552
48900,191,334,196,2.68,-1.53,9.42,21.4455,-182.6745,230.20949999999985,676.8780749999995,-4206.1923,6051.088574999997,9.91260308899736,294.66302162088465,7400.397998451873
49050,170,342,168,0.73,-1.06,12.48,21.555,-182.8335,232.08149999999983,680.1113249999995,-4233.617325,6085.900799999998,12.5461906569285,296.2339099250792,7444.746847030732
49200,189,335,203,-1.81,-3.05,10.83,21.2835,-183.291,233.70599999999985,683.3038499999994,-4261.110975,6120.956699999997,11.395942260295987,297.7701672250764,7489.331199510749
49350,190,331,210,-0.19,-2.05,11.4,21.255,-183.59849999999992,235.41599999999983,686.4920999999995,-4288.65075,6156.269099999997,11.584411940189282,299.30064698100784,7534.151968898208
49500,173,333,303,-3.68,-3.83,11.31,20.703,-184.17299999999992,237.1124999999998,689.5975499999996,-4316.276699999999,6191.835974999997,12.495095037653776,300.94957350734006,7579.223052083443
49650,190,331,208,-0.07,-4.67,8.83,20.6925,-184.87349999999992,238.4369999999998,692.7014249999996,-4344.007725,6227.601524999997,9.989129091167058,302.4212187124109,7624.516977044447
49800,173,329,230,1.48,-2.87,6.2,20.9145,-185.30399999999992,239.36699999999985,695.8385999999996,-4371.803325,6263.506574999997,6.9905150024873,303.4329405572999,7669.965468292487
49950,190,331,258,-1.25,-5.65,11.4,20.727,-186.1514999999999,241.07699999999983,698.9476499999995,-4399.72605,6299.6681249999965,12.78456100145797,305.28692964201707,7715.694111201538
50100,172,343,191,1.64,-2.41,8.74,20.972999999999995,-186.51299999999995,242.38799999999983,702.0935999999996,-4427.703,6336.026324999996,9.213321876500354,306.5597958669726,7761.618315175188
50250,171,347,202,1.13,-3.16,8.44,21.142499999999995,-186.987,243.65399999999983,705.2649749999995,-4455.75105,6372.574424999996,9.082736371820994,307.8610322714616,7807.7410886057105
50400,190,350,203,0.99,-2.04,8.89,21.291,-187.29299999999995,244.98749999999984,708.4586249999995,-4483.845,6409.322549999997,9.17462805785608,309.11300471874347,7854.055968561744
50550,170,349,196,0.94,-4.42,9.66,21.431999999999995,-187.956,246.43649999999985,711.6734249999995,-4512.0384,6446.288024999997,10.66468940007162,310.67303888855554,7900.607501210534
50700,190,350,220,2.12,-4.22,10.06,21.75,-188.589,247.94549999999987,714.9359249999995,-4540.32675,6483.479849999998,11.113343331329236,312.27527022044177,7947.402804625996
50850,191,335,182,0.57,-2.81,8.54,21.8355,-189.01049999999995,249.22649999999985,718.2112499999995,-4568.678325,6520.863824999998,9.008473788605926,313.55319560283533,7994.392663682775
51000,171,345,181,1.65,-3.78,9.28,22.082999999999995,-189.5775,250.61849999999984,721.5236999999995,-4597.11495,6558.456599999997,10.155259720952488,315.01891996751544,8041.605268058033
51150,190,349,191,1.82,-3.76,9.95,22.355999999999995,-190.14149999999995,252.11099999999985,724.8770999999995,-4625.636175000001,6596.273249999997,10.791315953117117,316.5652177344345,8089.052949649827
51300,171,348,188,2.63,-3.27,11.25,22.75049999999999,-190.63199999999995,253.79849999999985,728.2896749999994,-4654.230975,6634.343024999996,12.007177020432405,318.23234165700364,8136.754831794255
51450,190,334,177,0.63,-2.99,8.72,22.84499999999999,-191.0805,255.10649999999987,731.7164249999995,-4682.893050000001,6672.608999999996,9.239880951614042,319.55121318420925,8184.656810840272
51600,190,347,203,2.24,-2.43,8.25,23.181,-191.445,256.3439999999999,735.1935749999994,-4711.6098,6711.060599999996,8.887350561331537,320.78153488316616,8232.746253653737
51750,171,331,169,3.94,-7.65,14.42,23.771999999999995,-192.5925,258.5069999999999,738.7593749999994,-4740.498675,6749.836649999996,16.79233456074527,323.2380672031838,8281.206911043239
51900,190,348,204,1.86,-3.02,10.49,24.050999999999995,-193.0455,260.08049999999986,742.3670249999994,-4769.4555,6788.848724999995,11.073396046380712,324.7874414928938,8329.902855209157
52050,191,354,260,-6.33,-0.52,5.39,23.101499999999994,-193.12349999999995,260.8889999999999,745.8322499999995,-4798.424025,6827.982074999995,8.330150058672412,325.412716216653,8378.691907771672
52200,171,351,255,2.9,-5.32,6.66,23.5365,-193.92149999999995,261.8879999999999,749.3627249999995,-4827.512250000001,6867.265274999995,9.003776985243471,326.7182877319541,8427.677697606872
52350,169,333,177,-1.08,-4.97,12.61,23.3745,-194.667,263.77949999999987,752.8688999999995,-4856.712300000001,6906.832199999994,13.59703644181334,328.66583753030966,8476.956823324941
52500,191,333,194,2.28,-2.3,10.44,23.7165,-195.012,265.3454999999999,756.4263749999996,-4885.9641,6946.634024999995,10.930782222695685,330.15206630657326,8526.461770545393
52650,171,345,200,3.13,-4.18,6.49,24.186,-195.63899999999995,266.3189999999999,760.0542749999995,-4915.309950000001,6986.581874999995,8.330030011950736,331.33878535118697,8576.146028467172
52800,173,344,159,9.66,-6.03,19.61,25.63499999999999,-196.5435,269.26049999999987,763.8995249999995,-4944.791475000001,7026.970949999995,22.67660909395406,334.3467025072925,8626.286915450455
52950,171,350,219,2.42,-3.57,5.25,25.99799999999999,-197.07899999999995,270.0479999999999,767.7992249999994,-4974.353325000001,7067.478149999995,6.794394748614478,335.32365044684803,8676.575018552914
53100,191,338,233,1.23,-2.11,7.38,26.182499999999987,-197.3955,271.1549999999999,771.7265999999994,-5003.96265,7108.151399999995,7.773634928397397,336.415726076383,8727.028158145502
53250,173,332,216,3.01,-1.08,8.6,26.633999999999983,-197.55749999999992,272.4449999999999,775.7216999999995,-5033.596275000001,7149.018149999995,9.175320157901847,337.5864537970235,8777.658920496633
53400,170,349,332,1.52,-5.43,12.64,26.861999999999988,-198.372,274.3409999999999,779.7509999999994,-5063.352075000002,7190.169299999995,13.840697236772431,339.61154531169865,8828.594475910095
53550,168,325,63,8.3,-10.27,19.61,28.10699999999999,-199.9125,277.28249999999986,783.9670499999994,-5093.338950000001,7231.761674999995,23.64138320826428,342.98774892333967,8880.03845256717
53700,190,348,272,3.04,-2.7,8.05,28.562999999999988,-200.3175,278.4899999999999,788.2514999999995,-5123.386575,7273.535174999995,9.018542010768703,344.2377461511883,8931.67086082468
53850,193,346,199,-3.01,0.18,7.3,28.11149999999999,-200.29049999999992,279.58499999999987,792.4682249999995,-5153.430150000001,7315.4729249999955,7.898259301896843,345.07146078384966,8983.428761612777
54000,172,335,225,-1.03,-2.46,7.38,27.95699999999999,-200.65949999999992,280.6919999999999,796.6617749999995,-5183.529075000001,7357.576724999995,7.847095003885196,346.17022929947325,9035.35162123634
54150,171,346,168,-2.55,0.89,11.63,27.57449999999999,-200.52599999999995,282.4364999999999,800.7979499999994,-5213.607975000001,7399.942199999996,11.939493289080572,347.47864144217544,9087.471047384335
54300,171,335,212,-2.48,-0.66,8.26,27.20249999999999,-200.62499999999991,283.6754999999999,804.8783249999996,-5243.701725000001,7442.493524999995,8.64948553383379,348.5142119505314,9139.74544330911
54450,190,348,201,-3.97,-0.28,8.97,26.60699999999999,-200.66699999999992,285.0209999999999,808.8693749999995,-5273.801775000001,7485.246674999996,9.813266530569727,349.58854068604694,9192.179970681847
54600,170,335,234,0.03,-2.72,7.35,26.61149999999999,-201.075,286.12349999999986,812.8610999999995,-5303.963025000001,7528.165199999996,7.837206134841676,350.7220905638821,9244.784379148674
54750,190,347,204,-3.41,-2.6,11.18,26.09999999999999,-201.46499999999992,287.8004999999999,816.7760999999996,-5334.182775,7571.335274999996,11.974159678240472,352.2761473975351,9297.620497799271
54900,172,336,200,0.34,-1.02,9.28,26.151,-201.6179999999999,289.1924999999999,820.6987499999996,-5364.425475000001,7614.714149999995,9.342076856887871,353.5052966806154,9350.640550320106
55050,191,349,217,-1.33,-1.91,7.28,25.95149999999999,-201.9045,290.28449999999987,824.5914749999996,-5394.71115,7658.256824999995,7.642996794451768,354.5475968226973,9403.8160918978
55200,190,337,203,-1.51,-0.91,9.9,25.72499999999999,-202.041,291.7694999999999,828.4502249999996,-5425.0173,7702.022249999995,10.055754571388464,355.82549435959464,9457.18188574677
55350,171,345,179,1.05,4.36,9.12,25.8825,-201.387,293.1374999999999,832.3325999999996,-5455.22535,7745.992874999995,10.162996605332504,356.58971028550434,9510.66069186868
55500,171,351,225,0.47,-1.97,9.26,25.952999999999992,-201.68249999999995,294.5264999999999,836.2255499999997,-5485.477725000001,7790.171849999995,9.478892340352854,357.9039650765271,9564.335653587046
55650,190,352,216,-0.13,1.08,10.63,25.93349999999999,-201.5205,296.1209999999999,840.1155749999997,-5515.705800000001,7834.589999999995,10.68551355808414,359.12491557047383,9618.191364264443
55800,171,349,174,-0.1,0.68,10.18,25.918499999999995,-201.4185,297.6479999999999,844.0033499999996,-5545.918575000001,7879.237199999995,10.203175976136055,360.3269524869045,9672.22483967391
55950,171,350,230,-3.93,1.98,9.09,25.329,-201.1215,299.0114999999999,847.8026999999996,-5576.0868,7924.0889249999955,10.099178184387084,361.24685899741735,9726.391864950185
56100,187,362,576,-6.44,2.39,7.39,24.362999999999992,-200.76299999999995,300.1199999999999,851.4571499999996,-5606.20125,7969.1069249999955,10.089489580746887,361.89964401474606,9780.65114989133
56250,195,367,584,-4.5,-2.82,8.03,23.68799999999999,-201.18599999999992,301.3244999999999,855.0103499999997,-5636.379150000001,8014.305599999996,9.627216627873292,363.088669941999,9835.085504018414
56400,197,353,618,-2.76,3.38,9.08,23.274,-200.67899999999992,302.6864999999999,858.5014499999996,-5666.481,8059.708574999997,10.074145125021776,363.9132553222676,9889.637707061953
56550,175,358,692,-1.81,2.89,8.43,23.0025,-200.2454999999999,303.9509999999999,861.9518249999996,-5696.517825,8105.3012249999965,9.093574654666886,364.71027635302505,9944.304109747953
56700,172,323,117,-3.36,5.68,9.77,22.4985,-199.39349999999988,305.4164999999999,865.3265999999995,-5726.426849999999,8151.113699999996,11.790033927008013,365.4356151454725,9999.070413963294
56850,170,330,161,-3.99,1.26,8.41,21.89999999999999,-199.20449999999988,306.67799999999994,868.6115999999995,-5756.307524999999,8197.115399999997,9.393391293883164,366.3515231362495,10053.96754097323
57000,173,350,194,-4.66,1.6,8.33,21.20099999999999,-198.9644999999999,307.9274999999999,871.7917499999995,-5786.1522,8243.304524999996,9.678042157378734,367.2270413756317,10108.988457250229
57150,174,363,416,-6.54,1.59,7.49,20.21999999999999,-198.7259999999999,309.0509999999999,874.8247499999995,-5815.9611,8289.662174999996,10.06974676940786,367.98558677888445,10164.114365528923
57300,161,329,89,-5.72,2.05,10.06,19.36199999999999,-198.4184999999999,310.5599999999999,877.7290499999996,-5845.723875,8336.246174999997,11.752638001742415,369.0424119071545,10219.388249702668
57450,160,320,440,-7.31,2.62,9.29,18.265499999999992,-198.0255,311.95349999999985,880.4688749999997,-5875.4277,8383.039199999996,12.108038652069128,369.9496091398799,10274.7857557473
57600,200,363,659,-6.72,14.84,-1.32,17.257499999999993,-195.7995,311.7554999999998,883.0574999999995,-5904.797625,8429.802524999996,16.344001957904922,368.546818310442,10329.956251166226
57750,182,368,480,-7.58,2.58,3.7,16.120499999999993,-195.4125,312.3104999999998,885.4755749999996,-5934.1095000000005,8476.649099999997,8.820589549457564,368.7597647341015,10385.148170172755
57900,171,350,318,-6.84,1.53,4.86,15.094499999999991,-195.183,313.0394999999998,887.7397499999996,-5963.38695,8523.605024999995,8.529132429503015,369.21264330938055,10440.39790436004
58050,165,323,65,-5.86,1.71,7.82,14.215499999999992,-194.92649999999995,314.21249999999986,889.8720749999997,-5992.625925,8570.736899999996,9.92048889924282,370.0377223996898,10495.759562598052
58200,184,355,674,-6.17,0.8,6.11,13.289999999999992,-194.8065,315.12899999999985,891.8655749999997,-6021.8469,8618.006249999997,8.720149081294425,370.7188735190723,10551.213011590122
58350,174,353,630,-7.01,-0.85,9.05,12.238499999999991,-194.934,316.4864999999999,893.7013499999997,-6051.087,8665.479224999995,11.478898030734484,371.9042214340944,10606.83205219482
58500,186,337,189,-1.06,-1.09,7.75,12.07949999999999,-195.0975,317.6489999999999,895.5132749999997,-6080.351625,8713.126574999997,7.897733852188234,372.9743101441438,10662.607308782995
58650,190,348,183,-3.52,0.72,9.95,11.551499999999992,-194.9895,319.1414999999999,897.2459999999996,-6109.600050000001,8760.997799999996,10.578813733117716,374.1732744127377,10718.551469628756
58800,190,352,195,-0.78,-2.93,8.43,11.434499999999993,-195.429,320.40599999999984,898.9611749999997,-6138.914400000001,8809.058699999996,8.95869410126275,375.4773583949502,10774.688690849976
58950,190,352,176,1.02,-3.67,8.53,11.587499999999991,-195.9795,321.6854999999999,900.6992999999997,-6168.311325000001,8857.311524999996,9.341852064767457,376.8604456383688,10831.033712533696
59100,189,350,172,-2.17,-2.52,5.97,11.261999999999992,-196.3575,322.58099999999985,902.3885999999997,-6197.764950000001,8905.698674999996,6.833754458568144,377.8115959195137,10887.518746287198
59250,171,335,195,-3.32,-7.58,9.17,10.763999999999992,-197.4945,323.95649999999983,904.0031999999997,-6227.389125000001,8954.292149999996,12.351829823957258,379.5625839285267,10944.2653936813
59400,189,350,200,-7.93,-0.9,16.58,9.574499999999992,-197.62949999999995,326.44349999999986,905.4393749999996,-6257.033550000001,9003.258674999995,18.400850523820903,381.72562006335113,11001.31610656601
59550,190,352,197,-4.3,-4.37,11.18,8.929499999999992,-198.285,328.1204999999998,906.7787999999996,-6286.776300000001,9052.476749999996,12.750658806508785,383.4836889823345,11058.622850412326
59700,189,351,170,-2.12,-4.38,5.6,8.611499999999992,-198.94199999999995,328.9604999999998,908.0705249999996,-6316.617600000002,9101.820824999995,7.4188139213758415,384.5348980996391,11116.087095439976
59850,190,352,206,-2.81,-6.46,8.59,8.189999999999992,-199.911,330.24899999999985,909.2990249999996,-6346.604250000002,9151.358174999996,11.1092664024228,386.12936436122015,11173.78927088404
60000,172,339,208,-9.59,3.5,8.04,6.751499999999992,-199.386,331.4549999999998,910.3117499999996,-6376.512150000001,9201.076424999996,12.994602725747333,386.8627363461747,11231.579677853708
60150,171,347,179,-0.36,-0.47,8.43,6.697499999999992,-199.4565,332.7194999999998,911.3163749999997,-6406.430625000002,9250.984349999995,8.450763279136387,387.981980997507,11289.53330887623
60300,171,351,193,-0.29,-6.28,12.33,6.653999999999992,-200.3985,334.5689999999998,912.3144749999996,-6436.490400000002,9301.169699999997,13.840209535986078,390.05159950864174,11347.796445071825
60450,169,334,170,-0.34,-6.45,6.81,6.602999999999992,-201.366,335.5904999999998,913.3049249999996,-6466.695300000002,9351.508274999997,9.385851053580597,391.4241296282715,11406.269372869676
60600,190,336,185,-2.95,-4.51,10.0,6.160499999999991,-202.0425,337.0904999999998,914.2289999999996,-6497.001675000003,9402.071849999997,11.359691897230311,393.051051082108,11464.981487205125
60750,170,331,175,-14.64,-6.83,10.58,3.9644999999999913,-203.06699999999995,338.6774999999998,914.8236749999996,-6527.461725000004,9452.873474999997,19.311004634663625,394.9105883051249,11523.952267431474
60900,171,348,196,-5.2,-1.3,11.8,3.1844999999999914,-203.262,340.4474999999998,915.3013499999996,-6557.951025000004,9503.940599999996,12.960324070022324,396.5224860465039,11583.15091570246
61050,188,335,153,-6.28,-4.64,8.42,2.242499999999992,-203.958,341.7104999999998,915.6377249999996,-6588.544725000003,9555.197174999996,11.48322254421641,397.9572343613065,11642.555865869675
61200,171,349,211,-3.75,-4.23,7.09,1.6799999999999913,-204.5925,342.77399999999983,915.8897249999995,-6619.233600000003,9606.613274999996,9.067717463617845,399.1928462939308,11702.141943043409
61350,192,361,262,-3.15,-3.11,17.51,1.2074999999999914,-205.059,345.40049999999985,916.0708499999996,-6649.992450000003,9658.423349999995,18.06086099830238,401.6866402278023,11762.088547324489
61500,173,351,199,-2.14,-1.16,4.3,0.8864999999999912,-205.233,346.0454999999999,916.2038249999996,-6680.777400000004,9710.330174999996,4.941173949579189,402.3292908072937,11822.128751828532
61650,171,348,178,-3.19,-1.55,5.47,0.4079999999999912,-205.4655,346.8659999999999,916.2650249999996,-6711.597225000003,9762.360074999997,6.519164056840417,403.1528991713317,11882.287369888843
61800,171,353,208,-6.16,0.74,8.83,-0.5160000000000088,-205.3545,348.1904999999999,916.1876249999998,-6742.400400000003,9814.588649999996,10.791760746050665,404.2367638111357,11942.592402273138
61950,189,354,181,-6.53,2.73,9.08,-1.495500000000009,-204.945,349.55249999999984,915.9632999999998,-6773.142150000003,9867.021524999996,11.5126104772115,405.2056759245851,12003.02283284785
62100,171,352,183,-4.38,0.11,8.55,-2.1525000000000087,-204.9285,350.83499999999987,915.6404249999996,-6803.881425000004,9919.646774999996,9.60723685562087,406.3071751686154,12063.606093292425
62250,171,353,190,-5.99,4.91,6.79,-3.051000000000009,-204.19199999999995,351.8534999999999,915.1827749999997,-6834.5102250000045,9972.424799999995,10.300111649880307,406.82252509816846,12124.246200029973
62400,171,353,201,-5.21,3.06,8.92,-3.832500000000009,-203.733,353.19149999999985,914.6078999999996,-6865.070175000004,10025.403524999996,10.773769071221084,407.7573531127304,12185.007671622508
62550,171,353,202,-3.95,1.65,8.57,-4.425000000000009,-203.4855,354.4769999999999,913.9441499999996,-6895.593000000004,10078.575074999995,9.57966074555879,408.75404935517145,12245.90430606819
62700,171,339,196,-5.81,2.71,9.39,-5.296500000000009,-203.07899999999995,355.88549999999987,913.1496749999995,-6926.054850000004,10131.957899999998,11.369797711481064,409.784848748096,12306.934996234178
62850,190,351,203,-3.72,0.45,7.22,-5.854500000000009,-203.0115,356.96849999999984,912.2714999999996,-6956.506575000004,10185.503174999998,8.134451425879929,410.6999565312248,12368.09192825092
63000,171,350,171,-1.67,-0.11,7.14,-6.105000000000008,-203.028,358.0394999999998,911.3557499999996,-6986.960775000004,10239.209099999998,7.33352575505125,411.6429561759193,12429.38426342872
63150,189,340,195,-2.78,-3.76,8.44,-6.522000000000009,-203.592,359.3054999999998,910.3774499999996,-7017.499575000004,10293.104924999998,9.64881339854803,413.0286688333509,12490.880528755888
63300,170,350,193,-2.36,-1.65,7.98,-6.876000000000009,-203.8395,360.5024999999998,909.3460499999997,-7048.075500000004,10347.180299999998,8.483660766438037,414.1978677425801,12552.54630157001
63450,171,353,201,-4.74,-1.42,10.14,-7.587000000000009,-204.05249999999995,362.02349999999984,908.2079999999996,-7078.683375000003,10401.483824999998,11.282889700781446,415.639266525072,12614.41500254776
63600,172,339,208,-3.94,-0.33,7.99,-8.178000000000008,-204.10199999999995,363.2219999999998,906.9812999999996,-7109.298675000004,10455.967124999996,8.914740601946868,416.7190028928365,12676.434484822108
63750,190,352,192,-5.51,-1.03,8.25,-9.004500000000009,-204.2565,364.45949999999976,905.6306249999994,-7139.937150000004,10510.636049999996,9.974141567072326,417.8905669583244,12738.61607516482
63900,173,352,201,-2.02,-2.26,9.03,-9.307500000000008,-204.5955,365.8139999999998,904.2344999999996,-7170.626475000005,10565.508149999996,9.525171914459078,419.24435687615386,12800.99552935933
64050,189,355,205,-4.72,-2.95,9.51,-10.01550000000001,-205.03799999999995,367.2404999999998,902.7321749999994,-7201.382175000004,10620.594224999995,11.019119747057838,420.7213763579168,12863.5862924105
64200,173,353,202,-1.66,-3.2,7.45,-10.264500000000009,-205.518,368.35799999999983,901.1924999999994,-7232.209875000004,10675.847924999996,8.276357894629738,421.9367540855501,12926.358207779582
64350,171,354,194,-3.77,-3.53,8.98,-10.830000000000007,-206.0475,369.7049999999998,899.5679999999994,-7263.117000000004,10731.303674999996,10.359256730094105,423.384751947032,12989.34061865272
64500,172,338,188,-4.13,-1.63,7.6,-11.449500000000008,-206.292,370.8449999999998,897.8505749999995,-7294.060800000004,10786.930424999997,8.801920245037444,424.51559964181513,13052.483541568445
64650,189,352,209,-5.66,-1.05,8.47,-12.298500000000008,-206.4495,372.11549999999977,896.0057999999995,-7325.028225000005,10842.747749999997,10.24104486856688,425.7259617321333,13115.793672546482
64800,171,353,204,-5.94,-1.54,8.98,-13.189500000000008,-206.6805,373.4624999999998,894.0273749999994,-7356.030300000005,10898.767124999997,10.876378073605204,427.04218866143646,13179.286458938064
64950,172,353,202,-5.6,-0.09,7.75,-14.029500000000006,-206.694,374.6249999999998,891.9229499999994,-7387.034400000005,10954.960874999995,9.56193495062584,428.0924282573213,13242.921563926173
65100,189,340,202,-5.33,-0.96,8.86,-14.829000000000006,-206.838,375.9539999999998,889.6985999999995,-7418.060100000006,11011.353974999996,10.384127310467644,429.35214870895874,13306.731214269052
65250,172,350,189,-3.17,-1.85,9.38,-15.304500000000006,-207.1154999999999,377.3609999999998,887.4029249999995,-7449.127425000006,11067.958124999996,10.072526991773216,430.7347006934777,13370.739710350328
65400,172,353,208,-2.5,-1.09,8.11,-15.679500000000006,-207.2789999999999,378.5774999999998,885.0509999999995,-7480.219275000006,11124.744749999994,8.556295927561179,431.8927576001939,13434.915013774187
65550,172,338,207,-3.9,-0.64,7.53,-16.264500000000005,-207.37499999999991,379.7069999999999,882.6113249999994,-7511.325525000006,11181.700799999991,8.504146047664046,432.9507251804181,13499.238744249817
65700,188,337,190,-4.41,0.07,8.23,-16.926000000000005,-207.3645,380.9414999999999,880.0724249999994,-7542.430200000006,11238.842024999994,9.33733902137006,434.054088517203,13563.71449338357
65850,172,335,190,-4.3,-0.85,9.14,-17.571000000000005,-207.492,382.31249999999983,877.4367749999993,-7573.554000000006,11296.188899999994,10.136671051188356,435.3441371619123,13628.371111380904
66000,189,336,189,-4.1,-0.37,9.38,-18.186000000000003,-207.5474999999999,383.7194999999999,874.7088749999995,-7604.6861250000065,11353.746824999997,10.243598000702685,436.6318243468974,13693.207573171778
66150,172,350,206,-3.54,-0.66,9.07,-18.71700000000001,-207.64649999999992,385.0799999999999,871.9013249999995,-7635.833100000007,11411.508824999995,9.758693560103218,437.8972498786101,13758.222730957848
66300,189,355,207,-4.65,-1.57,9.32,-19.414500000000004,-207.88199999999992,386.4779999999999,868.9891499999995,-7667.015400000007,11469.480524999995,10.533271096862553,439.2688165784704,13823.431223831843
66450,172,353,188,-3.84,0.7,7.17,-19.990500000000004,-207.7769999999999,387.55349999999993,865.9905749999995,-7698.1819500000065,11527.613549999996,8.163608270856704,440.1915687305925,13888.765933999975
66600,171,340,205,-4.94,2.11,9.0,-20.731500000000004,-207.4604999999999,388.9035,862.8808499999996,-7729.301025000007,11585.949074999997,10.48120699156352,441.2658908920448,13954.24213867798
66750,172,336,204,-3.89,1.61,7.29,-21.315,-207.219,389.9969999999999,859.6835999999996,-7760.383875000007,11644.448624999995,8.41833118854325,442.1444370282181,14019.835860655909
66900,189,336,206,-4.66,1.46,6.58,-22.014000000000003,-206.99999999999991,390.9839999999999,856.3814999999996,-7791.433875000006,11703.096224999996,8.194119842911745,442.9470673252053,14085.53486217861
67050,172,350,195,-4.96,2.73,7.94,-22.758000000000003,-206.5905,392.1749999999999,852.9677999999996,-7822.422450000006,11761.922474999996,9.751825470136348,443.8454594554843,14151.34860576938
67200,172,352,191,-5.27,3.06,8.34,-23.548500000000004,-206.1315,393.42599999999993,849.4355249999996,-7853.342175000007,11820.936374999996,10.329186802454489,444.7794336752768,14217.280359146189
67350,171,339,191,-5.55,1.96,10.32,-24.381000000000007,-205.83749999999992,394.974,845.7783749999995,-7884.217800000007,11880.182474999996,11.880509248344534,446.0582587995093,14283.380797862656
67500,172,351,192,-4.0,1.47,7.01,-24.981000000000005,-205.617,396.0255,842.0312249999996,-7915.060350000007,11939.586299999995,8.203718668993957,446.9212432859396,14349.596438338076
67650,189,355,192,-4.58,2.52,8.56,-25.66800000000001,-205.23899999999992,397.3095,838.1810249999996,-7945.846200000007,11999.182724999995,10.029975074744703,447.9249179664489,14415.942748660696
67800,171,340,190,-4.83,2.32,8.84,-26.39250000000001,-204.891,398.6355,834.2221499999997,-7976.579850000007,12058.978049999998,10.337161118992002,448.98457411975744,14482.427431523987
67950,172,351,206,-5.09,2.38,8.24,-27.15600000000001,-204.5339999999999,399.8715,830.1487499999997,-8007.259950000007,12118.958774999996,9.973469807444149,449.96535644897153,14549.038478337668
68100,171,354,208,-5.66,2.09,8.67,-28.00500000000001,-204.2205,401.172,825.9479999999996,-8037.893025000008,12179.134574999998,10.562793191197107,451.03133619433805,14615.787128170969
68250,171,354,191,-4.84,1.62,8.61,-28.73100000000001,-203.9775,402.4635,821.6383499999997,-8068.489650000008,12239.504099999998,10.00910085871853,452.1163121360476,14682.679436133743
68400,172,355,207,-4.63,1.78,7.99,-29.42550000000001,-203.7105,403.662,817.2245249999996,-8099.046225000008,12300.053399999995,9.404541456126395,453.1079762093137,14749.702346888218
68550,172,340,205,-4.87,1.95,8.63,-30.15600000000001,-203.41799999999995,404.9565,812.7011249999997,-8129.558925000008,12360.796874999998,10.09932175940543,454.17841643152747,14816.865755571698
68700,172,337,205,-4.75,1.98,8.2,-30.86850000000001,-203.12099999999995,406.1865,808.0708499999997,-8160.027075000007,12421.724849999997,9.681058826388774,455.1905949330457,14884.161669790486
68850,169,344,178,-0.75,0.32,-0.15,-30.98100000000001,-203.07299999999995,406.16399999999993,803.4236999999997,-8190.488025000007,12482.649449999995,0.8290958931269652,455.15674287656105,14951.45882584624
69000,188,339,197,-0.58,0.08,0.62,-31.06800000000001,-203.06099999999995,406.257,798.7634999999997,-8220.947175000007,12543.587999999998,0.8527602242131138,455.240310598699,15018.774766831571
69150,172,351,197,-1.09,-0.32,0.91,-31.23150000000001,-203.10899999999995,406.3934999999999,794.0787749999997,-8251.413525000007,12604.547024999998,1.4555411364849844,455.3947181462472,15086.119181780809
69300,187,353,184,-3.76,-3.61,-1.13,-31.79550000000001,-203.6505,406.2239999999999,789.3094499999997,-8281.961100000008,12665.480624999998,5.33353541283828,455.52433321009306,15153.490968487196
69450,182,354,334,-4.63,-4.52,-3.77,-32.49000000000001,-204.3285,405.6584999999999,784.4359499999997,-8312.610375000007,12726.3294,7.488671444254981,455.3729840850244,15220.850534826051
69600,170,331,245,-4.52,-5.38,-5.06,-33.16800000000001,-205.13549999999995,404.89949999999993,779.4607499999998,-8343.380700000007,12787.064325,8.659006871460491,455.1091019574317,15288.184150434963
